6.525    6.805e-19
6.888    6.585e-19
7.293    6.256e-19
7.749    9.878e-19
8.266    8.890e-19
8.856    1.295e-18
9.537    1.504e-18
 10.3      1.811e-18
 11.3      2.063e-18
 12.4      2.623e-18
 13.8      3.216e-18
 15.5      4.335e-18
 15.9      4.697e-18
 16.3      5.049e-18
 16.8      5.005e-18
 17.2      5.389e-18
 17.7      5.828e-18
 18.2      6.212e-18
 18.8      6.365e-18
 19.4      6.958e-18
 20.0      7.233e-18
 20.7      7.639e-18
 21.0      7.968e-18
 21.4      8.253e-18
 21.8      8.659e-18
 22.1      9.043e-18
 22.5      9.471e-18
 23.0      9.669e-18
 23.4      9.954e-18
 23.8      1.039e-17
 24.3      1.084e-17
 24.8      1.128e-17
 25.3      1.171e-17
 25.8      1.198e-17
 26.4      1.229e-17
 27.0      1.250e-17
 27.6      1.271e-17
 28.2      1.305e-17
 28.8      1.319e-17
 29.5      1.344e-17
 30.2      1.362e-17
 31.0      1.385e-17
 31.8      1.452e-17
 32.6      1.501e-17
 33.5      1.529e-17
 34.4      1.569e-17
 35.4      1.651e-17
 36.5      1.716e-17
 37.6      1.817e-17
 38.7      1.927e-17
 40.0      2.004e-17
 41.3      2.086e-17
 42.0      2.150e-17
 42.8      2.215e-17
 43.5      2.247e-17
 44.3      2.339e-17
 45.1      2.407e-17
 45.9      2.456e-17
 46.8      2.488e-17
 47.7      2.622e-17
 48.6      2.570e-17
 49.6      2.636e-17
 50.6      2.609e-17
 51.7      2.677e-17
 52.8      2.623e-17
 53.9      2.649e-17
 55.1      2.683e-17
 56.4      2.674e-17
 57.7      2.631e-17
 59.0      2.641e-17
 60.5      2.570e-17
 62.0      2.450e-17
 63.6      2.361e-17
 65.3      2.283e-17
 67.0      2.181e-17
 68.9      2.182e-17
 70.8      2.190e-17
 72.9      2.052e-17
 75.1      1.995e-17
 77.5      2.287e-17
 80.0      2.260e-17
 82.7      2.119e-17
 85.5      3.113e-17
 88.6      3.836e-17
 91.8      3.154e-17
 95.4      2.465e-17
 99.2      2.080e-17
103        1.430e-17
108        7.573e-18
113        4.884e-18
118        3.018e-18
124        2.678e-18
131        2.843e-18
138        3.227e-18
155        2.897e-18
177        3.918e-18
185        2.35e-18       <- point ajouté FL
195        1.28e-18       <- point ajouté FL
207        6.146e-19
