      138.0     0.963000
      130.7     0.860000
      124.2     0.650000
      118.3     0.480000
      112.9     0.390000
      108.0     0.370000
      103.5     0.380000
      99.36     0.430000
      95.54     0.490000
      92.00     0.520000
      88.71     0.500000
      85.65     0.540000
      82.80     0.550000
      80.13     0.490000
      77.62     0.480000
      75.27     0.430000
      73.06     0.340000
      70.97     0.230000
      69.00     0.110000
      67.13    0.0700000
      65.37    0.0400000
      63.69    0.0200000
      62.10    0.0200000
      60.58    0.0200000
      59.14    0.0200000
      57.77    0.0300000
      56.45   0.00999999
      55.20   0.00999999
      54.00    0.0200000
      52.85    0.0200000
      51.75      0.00000
      50.69   0.00999999
      49.68      0.00000
