5.000000  10.000000  0.000000   0.000000   
10.000000  15.000000  0.000000   0.000000   
15.000000  20.000000  0.000000   0.000000   
20.000000  25.000000  0.002855   0.000000   
25.000000  30.000000  0.021578   0.000000   
30.000000  35.000000  -0.002333   0.000000   
35.000000  40.000000  -0.026014   0.000000   
40.000000  45.000000  0.038874   0.000000   
45.000000  50.000000  -0.010709   0.000000   
50.000000  55.000000  -0.035058   0.000000   
55.000000  60.000000  -0.001318   0.000000   
60.000000  65.000000  -0.003658   0.041511   
65.000000  70.000000  0.041663   0.027967   
70.000000  75.000000  0.162707   0.165761   
75.000000  80.000000  0.144034   0.521472   
80.000000  85.000000  0.218169   0.614395   
85.000000  90.000000  0.840284   0.358327   
90.000000  95.000000  1.000000   0.268628   
95.000000  100.000000  1.000000   0.339587   
100.000000  105.000000  1.000000   0.807578   
