      6.10000  4.14643e-19
      6.20000  4.30357e-19
      6.30000  4.46631e-19
      6.40000  4.83537e-19
      6.50000  4.65239e-19
      6.60000  5.04435e-19
      6.70000  5.07083e-19
      6.80000  5.11370e-19
      6.90000  5.25829e-19
      7.00000  5.43437e-19
      7.10000  5.66033e-19
      7.20000  6.00041e-19
      7.30000  5.96570e-19
      7.40000  6.16800e-19
      7.50000  6.23886e-19
      7.60000  6.53213e-19
      7.70000  6.70669e-19
      7.80000  6.70162e-19
      7.90000  7.06174e-19
      8.00000  7.44175e-19
      8.10000  7.50275e-19
      8.20000  7.57140e-19
      8.30000  7.78487e-19
      8.40000  8.03160e-19
      8.50000  8.29942e-19
      8.60000  8.46722e-19
      8.70000  8.71235e-19
      8.80000  8.99690e-19
      8.90000  9.21316e-19
      9.00000  9.34821e-19
      9.10000  9.60579e-19
      9.20000  9.84198e-19
      9.30000  1.01110e-18
      9.40000  1.04204e-18
      9.50000  1.07121e-18
      9.60000  1.10230e-18
      9.70000  1.13100e-18
      9.80000  1.13814e-18
      9.90000  1.16162e-18
      10.0000  1.19600e-18
      10.1000  1.23725e-18
      10.2000  1.26976e-18
      10.3000  1.28918e-18
      10.4000  1.31211e-18
      10.5000  1.33656e-18
      10.6000  1.37200e-18
      10.7000  1.40789e-18
      10.8000  1.43684e-18
      10.9000  1.46800e-18
      11.0000  1.50800e-18
      11.1000  1.54425e-18
      11.2000  1.57175e-18
      11.3000  1.60200e-18
      11.4000  1.63867e-18
      11.5000  1.67300e-18
      11.6000  1.69800e-18
      11.7000  1.72300e-18
      11.8000  1.77300e-18
      11.9000  1.82300e-18
      12.0000  1.85867e-18
      12.1000  1.89075e-18
      12.2000  1.92450e-18
      12.3000  1.96075e-18
      12.4000  1.99700e-18
      12.5000  2.03000e-18
      12.6000  2.06850e-18
      12.7000  2.10700e-18
      12.8000  2.12900e-18
      12.9000  2.19500e-18
      13.0000  2.23167e-18
      13.1000  2.26833e-18
      13.2000  2.30500e-18
      13.3000  2.31600e-18
      13.4000  2.36550e-18
      13.5000  2.41500e-18
      13.6000  2.39300e-18
      13.7000  2.46950e-18
      13.8000  2.54600e-18
      13.9000  2.62300e-18
      14.0000  2.65050e-18
      14.1000  2.67800e-18
      14.2000  2.72200e-18
      14.3000  2.76600e-18
      14.4000  2.79900e-18
      14.5000  2.81550e-18
      14.6000  2.83200e-18
      14.7000  2.89750e-18
      14.8000  2.96300e-18
      14.9000  3.06200e-18
      15.0000  3.12250e-18
      15.1000  3.18300e-18
      15.2000  3.23800e-18
      15.3000  3.29300e-18
      15.4000  3.32550e-18
      15.5000  3.35800e-18
      15.6000  3.35800e-18
      15.7000  3.35800e-18
      15.8000  3.42400e-18
      15.9000  3.49000e-18
      16.0000  3.57250e-18
      16.1000  3.65500e-18
      16.2000  3.66600e-18
      16.3000  3.67700e-18
      16.4000  3.74250e-18
      16.5000  3.80800e-18
      16.6000  3.86300e-18
      16.7000  3.91800e-18
      16.8000  3.97300e-18
      16.9000  4.04450e-18
      17.0000  4.11600e-18
      17.1000  4.15950e-18
      17.2000  4.20300e-18
      17.3000  4.24333e-18
      17.4000  4.28367e-18
      17.5000  4.32400e-18
      17.6000  4.39000e-18
      17.7000  4.45600e-18
      17.8000  4.51433e-18
      17.9000  4.57267e-18
      18.0000  4.63100e-18
      18.1000  4.69700e-18
      18.2000  4.76300e-18
      18.3000  4.81800e-18
      18.4000  4.87300e-18
      18.5000  4.92800e-18
      18.6000  4.96833e-18
      18.7000  5.00867e-18
      18.8000  5.04900e-18
      18.9000  5.15500e-18
      19.0000  5.26100e-18
      19.1000  5.36700e-18
      19.2000  5.44733e-18
      19.3000  5.52767e-18
      19.4000  5.60800e-18
      19.5000  5.68133e-18
      19.6000  5.75467e-18
      19.7000  5.82800e-18
      19.8000  5.90467e-18
      19.9000  5.98133e-18
      20.0000  6.05800e-18
      20.1000  6.15333e-18
      20.2000  6.24867e-18
      20.3000  6.34400e-18
      20.4000  6.40425e-18
      20.5000  6.46450e-18
      20.6000  6.52475e-18
      20.7000  6.58500e-18
      20.8000  6.72033e-18
      20.9000  6.85567e-18
      21.0000  6.99100e-18
      21.1000  7.03500e-18
      21.2000  7.07900e-18
      21.3000  7.12300e-18
      21.4000  7.16700e-18
      21.5000  7.24650e-18
      21.6000  7.32600e-18
      21.7000  7.40550e-18
      21.8000  7.48500e-18
      21.9000  7.60200e-18
      22.0000  7.71900e-18
      22.1000  7.83600e-18
      22.2000  7.92650e-18
      22.3000  8.01700e-18
      22.4000  8.10750e-18
      22.5000  8.19800e-18
      22.6000  8.25080e-18
      22.7000  8.30360e-18
      22.8000  8.35640e-18
      22.9000  8.40920e-18
      23.0000  8.46200e-18
      23.1000  8.54975e-18
      23.2000  8.63750e-18
      23.3000  8.72525e-18
      23.4000  8.81300e-18
      23.5000  8.91725e-18
      23.6000  9.02150e-18
      23.7000  9.12575e-18
      23.8000  9.23000e-18
      23.9000  9.28920e-18
      24.0000  9.34840e-18
      24.1000  9.40760e-18
      24.2000  9.46680e-18
      24.3000  9.52600e-18
      24.4000  9.55460e-18
      24.5000  9.58320e-18
      24.6000  9.61180e-18
      24.7000  9.64040e-18
      24.8000  9.66900e-18
      24.9000  9.72820e-18
      25.0000  9.78740e-18
      25.1000  9.84660e-18
      25.2000  9.90580e-18
      25.3000  9.96500e-18
      25.4000  9.99600e-18
      25.5000  1.00270e-17
      25.6000  1.00580e-17
      25.7000  1.00890e-17
      25.8000  1.01200e-17
      25.9000  1.01533e-17
      26.0000  1.01867e-17
      26.1000  1.02200e-17
      26.2000  1.02400e-17
      26.3000  1.02600e-17
      26.4000  1.02800e-17
      26.5000  1.02433e-17
      26.6000  1.02067e-17
      26.7000  1.01700e-17
      26.8000  1.02600e-17
      26.9000  1.03500e-17
      27.0000  1.04400e-17
      27.1000  1.05300e-17
      27.2000  1.06200e-17
      27.3000  1.06225e-17
      27.4000  1.06250e-17
      27.5000  1.06275e-17
      27.6000  1.06300e-17
      27.7000  1.06667e-17
      27.8000  1.07033e-17
      27.9000  1.07400e-17
      28.0000  1.07500e-17
      28.1000  1.07600e-17
      28.2000  1.07700e-17
      28.3000  1.07833e-17
      28.4000  1.07967e-17
      28.5000  1.08100e-17
      28.6000  1.08733e-17
      28.7000  1.09367e-17
      28.8000  1.10000e-17
      28.9000  1.10375e-17
      29.0000  1.10750e-17
      29.1000  1.11125e-17
      29.2000  1.11500e-17
      29.3000  1.11467e-17
      29.4000  1.11433e-17
      29.5000  1.11400e-17
      29.6000  1.12000e-17
      29.7000  1.12600e-17
      29.8000  1.13200e-17
      29.9000  1.13800e-17
      30.0000  1.14467e-17
      30.1000  1.15133e-17
      30.2000  1.15800e-17
      30.3000  1.16625e-17
      30.4000  1.17450e-17
      30.5000  1.18275e-17
      30.6000  1.19100e-17
      30.7000  1.18900e-17
      30.8000  1.18700e-17
      30.9000  1.18500e-17
      31.0000  1.18300e-17
      31.1000  1.19150e-17
      31.2000  1.20000e-17
      31.3000  1.20850e-17
      31.4000  1.21700e-17
      31.5000  1.22175e-17
      31.6000  1.22650e-17
      31.7000  1.23125e-17
      31.8000  1.23600e-17
      31.9000  1.24975e-17
      32.0000  1.26350e-17
      32.1000  1.27725e-17
      32.2000  1.29100e-17
      32.3000  1.30500e-17
      32.4000  1.31900e-17
      32.5000  1.33300e-17
      32.6000  1.34700e-17
      32.7000  1.34760e-17
      32.8000  1.34820e-17
      32.9000  1.34880e-17
      33.0000  1.34940e-17
      33.1000  1.35000e-17
      33.2000  1.35400e-17
      33.3000  1.35800e-17
      33.4000  1.36200e-17
      33.5000  1.36600e-17
      33.6000  1.37240e-17
      33.7000  1.37880e-17
      33.8000  1.38520e-17
      33.9000  1.39160e-17
      34.0000  1.39800e-17
      34.1000  1.41650e-17
      34.2000  1.43500e-17
      34.3000  1.45350e-17
      34.4000  1.47200e-17
      34.5000  1.48680e-17
      34.6000  1.50160e-17
      34.7000  1.51640e-17
      34.8000  1.53120e-17
      34.9000  1.54600e-17
      35.0000  1.54900e-17
      35.1000  1.55200e-17
      35.2000  1.55500e-17
      35.3000  1.55800e-17
      35.4000  1.56100e-17
      35.5000  1.57680e-17
      35.6000  1.59260e-17
      35.7000  1.60840e-17
      35.8000  1.62420e-17
      35.9000  1.64000e-17
      36.0000  1.64183e-17
      36.1000  1.64367e-17
      36.2000  1.64550e-17
      36.3000  1.64733e-17
      36.4000  1.64917e-17
      36.5000  1.65100e-17
      36.6000  1.66580e-17
      36.7000  1.68060e-17
      36.8000  1.69540e-17
      36.9000  1.71020e-17
      37.0000  1.72500e-17
      37.1000  1.73267e-17
      37.2000  1.74033e-17
      37.3000  1.74800e-17
      37.4000  1.75567e-17
      37.5000  1.76333e-17
      37.6000  1.77100e-17
      37.7000  1.78320e-17
      37.8000  1.79540e-17
      37.9000  1.80760e-17
      38.0000  1.81980e-17
      38.1000  1.83200e-17
      38.2000  1.84150e-17
      38.3000  1.85100e-17
      38.4000  1.86050e-17
      38.5000  1.87000e-17
      38.6000  1.87950e-17
      38.7000  1.88900e-17
      38.8000  1.89957e-17
      38.9000  1.91014e-17
      39.0000  1.92071e-17
      39.1000  1.93129e-17
      39.2000  1.94186e-17
      39.3000  1.95243e-17
      39.4000  1.96300e-17
      39.5000  1.97150e-17
      39.6000  1.98000e-17
      39.7000  1.98850e-17
      39.8000  1.99700e-17
      39.9000  2.00550e-17
      40.0000  2.01400e-17
      40.1000  2.02171e-17
      40.2000  2.02943e-17
      40.3000  2.03714e-17
      40.4000  2.04486e-17
      40.5000  2.05257e-17
      40.6000  2.06029e-17
      40.7000  2.06800e-17
      40.8000  2.09167e-17
      40.9000  2.11533e-17
      41.0000  2.13900e-17
      41.1000  2.16267e-17
      41.2000  2.18633e-17
      41.3000  2.21000e-17
      41.4000  2.20714e-17
      41.5000  2.20429e-17
      41.6000  2.20143e-17
      41.7000  2.19857e-17
      41.8000  2.19571e-17
      41.9000  2.19286e-17
      42.0000  2.19000e-17
      42.1000  2.19825e-17
      42.2000  2.20650e-17
      42.3000  2.21475e-17
      42.4000  2.22300e-17
      42.5000  2.23125e-17
      42.6000  2.23950e-17
      42.7000  2.24775e-17
      42.8000  2.25600e-17
      42.9000  2.26171e-17
      43.0000  2.26743e-17
      43.1000  2.27314e-17
      43.2000  2.27886e-17
      43.3000  2.28457e-17
      43.4000  2.29029e-17
      43.5000  2.29600e-17
      43.6000  2.30175e-17
      43.7000  2.30750e-17
      43.8000  2.31325e-17
      43.9000  2.31900e-17
      44.0000  2.32475e-17
      44.1000  2.33050e-17
      44.2000  2.33625e-17
      44.3000  2.34200e-17
      44.4000  2.33787e-17
      44.5000  2.33375e-17
      44.6000  2.32962e-17
      44.7000  2.32550e-17
      44.8000  2.32138e-17
      44.9000  2.31725e-17
      45.0000  2.31313e-17
      45.1000  2.30900e-17
      45.2000  2.31075e-17
      45.3000  2.31250e-17
      45.4000  2.31425e-17
      45.5000  2.31600e-17
      45.6000  2.31775e-17
      45.7000  2.31950e-17
      45.8000  2.32125e-17
      45.9000  2.32300e-17
      46.0000  2.32200e-17
      46.1000  2.32100e-17
      46.2000  2.32000e-17
      46.3000  2.31900e-17
      46.4000  2.31800e-17
      46.5000  2.31700e-17
      46.6000  2.31600e-17
      46.7000  2.31500e-17
      46.8000  2.31400e-17
      46.9000  2.31989e-17
      47.0000  2.32578e-17
      47.1000  2.33167e-17
      47.2000  2.33756e-17
      47.3000  2.34344e-17
      47.4000  2.34933e-17
      47.5000  2.35522e-17
      47.6000  2.36111e-17
      47.7000  2.36700e-17
      47.8000  2.36811e-17
      47.9000  2.36922e-17
      48.0000  2.37033e-17
      48.1000  2.37144e-17
      48.2000  2.37256e-17
      48.3000  2.37367e-17
      48.4000  2.37478e-17
      48.5000  2.37589e-17
      48.6000  2.37700e-17
      48.7000  2.37730e-17
      48.8000  2.37760e-17
      48.9000  2.37790e-17
      49.0000  2.37820e-17
      49.1000  2.37850e-17
      49.2000  2.37880e-17
      49.3000  2.37910e-17
      49.4000  2.37940e-17
      49.5000  2.37970e-17
      49.6000  2.38000e-17
      49.7000  2.37930e-17
      49.8000  2.37860e-17
      49.9000  2.37790e-17
      50.0000  2.37720e-17
      50.1000  2.37650e-17
      50.2000  2.37580e-17
      50.3000  2.37510e-17
      50.4000  2.37440e-17
      50.5000  2.37370e-17
      50.6000  2.37300e-17
      50.7000  2.38318e-17
      50.8000  2.39336e-17
      50.9000  2.40355e-17
      51.0000  2.41373e-17
      51.1000  2.42391e-17
      51.2000  2.43409e-17
      51.3000  2.44427e-17
      51.4000  2.45445e-17
      51.5000  2.46464e-17
      51.6000  2.47482e-17
      51.7000  2.48500e-17
      51.8000  2.49373e-17
      51.9000  2.50245e-17
      52.0000  2.51118e-17
      52.1000  2.51991e-17
      52.2000  2.52864e-17
      52.3000  2.53736e-17
      52.4000  2.54609e-17
      52.5000  2.55482e-17
      52.6000  2.56355e-17
      52.7000  2.57227e-17
      52.8000  2.58100e-17
      52.9000  2.57636e-17
      53.0000  2.57173e-17
      53.1000  2.56709e-17
      53.2000  2.56245e-17
      53.3000  2.55782e-17
      53.4000  2.55318e-17
      53.5000  2.54855e-17
      53.6000  2.54391e-17
      53.7000  2.53927e-17
      53.8000  2.53464e-17
      53.9000  2.53000e-17
      54.0000  2.52467e-17
      54.1000  2.51933e-17
      54.2000  2.51400e-17
      54.3000  2.50867e-17
      54.4000  2.50333e-17
      54.5000  2.49800e-17
      54.6000  2.49267e-17
      54.7000  2.48733e-17
      54.8000  2.48200e-17
      54.9000  2.47667e-17
      55.0000  2.47133e-17
      55.1000  2.46600e-17
      55.2000  2.45692e-17
      55.3000  2.44785e-17
      55.4000  2.43877e-17
      55.5000  2.42969e-17
      55.6000  2.42062e-17
      55.7000  2.41154e-17
      55.8000  2.40246e-17
      55.9000  2.39338e-17
      56.0000  2.38431e-17
      56.1000  2.37523e-17
      56.2000  2.36615e-17
      56.3000  2.35708e-17
      56.4000  2.34800e-17
      56.5000  2.34262e-17
      56.6000  2.33723e-17
      56.7000  2.33185e-17
      56.8000  2.32646e-17
      56.9000  2.32108e-17
      57.0000  2.31569e-17
      57.1000  2.31031e-17
      57.2000  2.30492e-17
      57.3000  2.29954e-17
      57.4000  2.29415e-17
      57.5000  2.28877e-17
      57.6000  2.28338e-17
      57.7000  2.27800e-17
      57.8000  2.27862e-17
      57.9000  2.27923e-17
      58.0000  2.27985e-17
      58.1000  2.28046e-17
      58.2000  2.28108e-17
      58.3000  2.28169e-17
      58.4000  2.28231e-17
      58.5000  2.28292e-17
      58.6000  2.28354e-17
      58.7000  2.28415e-17
      58.8000  2.28477e-17
      58.9000  2.28538e-17
      59.0000  2.28600e-17
      59.1000  2.28880e-17
      59.2000  2.29160e-17
      59.3000  2.29440e-17
      59.4000  2.29720e-17
      59.5000  2.30000e-17
      59.6000  2.30280e-17
      59.7000  2.30560e-17
      59.8000  2.30840e-17
      59.9000  2.31120e-17
      60.0000  2.31400e-17
      60.1000  2.31680e-17
      60.2000  2.31960e-17
      60.3000  2.32240e-17
      60.4000  2.32520e-17
      60.5000  2.32800e-17
      60.6000  2.33253e-17
      60.7000  2.33707e-17
      60.8000  2.34160e-17
      60.9000  2.34613e-17
      61.0000  2.35067e-17
      61.1000  2.35520e-17
      61.2000  2.35973e-17
      61.3000  2.36427e-17
      61.4000  2.36880e-17
      61.5000  2.37333e-17
      61.6000  2.37787e-17
      61.7000  2.38240e-17
      61.8000  2.38693e-17
      61.9000  2.39147e-17
      62.0000  2.39600e-17
      62.1000  2.39825e-17
      62.2000  2.40050e-17
      62.3000  2.40275e-17
      62.4000  2.40500e-17
      62.5000  2.40725e-17
      62.6000  2.40950e-17
      62.7000  2.41175e-17
      62.8000  2.41400e-17
      62.9000  2.41625e-17
      63.0000  2.41850e-17
      63.1000  2.42075e-17
      63.2000  2.42300e-17
      63.3000  2.42525e-17
      63.4000  2.42750e-17
      63.5000  2.42975e-17
      63.6000  2.43200e-17
      63.7000  2.43435e-17
      63.8000  2.43671e-17
      63.9000  2.43906e-17
      64.0000  2.44141e-17
      64.1000  2.44376e-17
      64.2000  2.44612e-17
      64.3000  2.44847e-17
      64.4000  2.45082e-17
      64.5000  2.45318e-17
      64.6000  2.45553e-17
      64.7000  2.45788e-17
      64.8000  2.46024e-17
      64.9000  2.46259e-17
      65.0000  2.46494e-17
      65.1000  2.46729e-17
      65.2000  2.46965e-17
      65.3000  2.47200e-17
      65.4000  2.47718e-17
      65.5000  2.48235e-17
      65.6000  2.48753e-17
      65.7000  2.49271e-17
      65.8000  2.49788e-17
      65.9000  2.50306e-17
      66.0000  2.50824e-17
      66.1000  2.51341e-17
      66.2000  2.51859e-17
      66.3000  2.52376e-17
      66.4000  2.52894e-17
      66.5000  2.53412e-17
      66.6000  2.53929e-17
      66.7000  2.54447e-17
      66.8000  2.54965e-17
      66.9000  2.55482e-17
      67.0000  2.56000e-17
      67.1000  2.55989e-17
      67.2000  2.55979e-17
      67.3000  2.55968e-17
      67.4000  2.55958e-17
      67.5000  2.55947e-17
      67.6000  2.55937e-17
      67.7000  2.55926e-17
      67.8000  2.55916e-17
      67.9000  2.55905e-17
      68.0000  2.55895e-17
      68.1000  2.55884e-17
      68.2000  2.55874e-17
      68.3000  2.55863e-17
      68.4000  2.55853e-17
      68.5000  2.55842e-17
      68.6000  2.55832e-17
      68.7000  2.55821e-17
      68.8000  2.55811e-17
      68.9000  2.55800e-17
      69.0000  2.55947e-17
      69.1000  2.56095e-17
      69.2000  2.56242e-17
      69.3000  2.56389e-17
      69.4000  2.56537e-17
      69.5000  2.56684e-17
      69.6000  2.56832e-17
      69.7000  2.56979e-17
      69.8000  2.57126e-17
      69.9000  2.57274e-17
      70.0000  2.57421e-17
      70.1000  2.57568e-17
      70.2000  2.57716e-17
      70.3000  2.57863e-17
      70.4000  2.58011e-17
      70.5000  2.58158e-17
      70.6000  2.58305e-17
      70.7000  2.58453e-17
      70.8000  2.58600e-17
      70.9000  2.58848e-17
      71.0000  2.59095e-17
      71.1000  2.59343e-17
      71.2000  2.59590e-17
      71.3000  2.59838e-17
      71.4000  2.60086e-17
      71.5000  2.60333e-17
      71.6000  2.60581e-17
      71.7000  2.60829e-17
      71.8000  2.61076e-17
      71.9000  2.61324e-17
      72.0000  2.61571e-17
      72.1000  2.61819e-17
      72.2000  2.62067e-17
      72.3000  2.62314e-17
      72.4000  2.62562e-17
      72.5000  2.62810e-17
      72.6000  2.63057e-17
      72.7000  2.63305e-17
      72.8000  2.63552e-17
      72.9000  2.63800e-17
      73.0000  2.64636e-17
      73.1000  2.65473e-17
      73.2000  2.66309e-17
      73.3000  2.67145e-17
      73.4000  2.67982e-17
      73.5000  2.68818e-17
      73.6000  2.69655e-17
      73.7000  2.70491e-17
      73.8000  2.71327e-17
      73.9000  2.72164e-17
      74.0000  2.73000e-17
      74.1000  2.73836e-17
      74.2000  2.74673e-17
      74.3000  2.75509e-17
      74.4000  2.76345e-17
      74.5000  2.77182e-17
      74.6000  2.78018e-17
      74.7000  2.78855e-17
      74.8000  2.79691e-17
      74.9000  2.80527e-17
      75.0000  2.81364e-17
      75.1000  2.82200e-17
      75.2000  2.82592e-17
      75.3000  2.82983e-17
      75.4000  2.83375e-17
      75.5000  2.83767e-17
      75.6000  2.84158e-17
      75.7000  2.84550e-17
      75.8000  2.84942e-17
      75.9000  2.85333e-17
      76.0000  2.85725e-17
      76.1000  2.86117e-17
      76.2000  2.86508e-17
      76.3000  2.86900e-17
      76.4000  2.87292e-17
      76.5000  2.87683e-17
      76.6000  2.88075e-17
      76.7000  2.88467e-17
      76.8000  2.88858e-17
      76.9000  2.89250e-17
      77.0000  2.89642e-17
      77.1000  2.90033e-17
      77.2000  2.90425e-17
      77.3000  2.90817e-17
      77.4000  2.91208e-17
      77.5000  2.91600e-17
      77.6000  2.90532e-17
      77.7000  2.89464e-17
      77.8000  2.88396e-17
      77.9000  2.87328e-17
      78.0000  2.86260e-17
      78.1000  2.85192e-17
      78.2000  2.84124e-17
      78.3000  2.83056e-17
      78.4000  2.81988e-17
      78.5000  2.80920e-17
      78.6000  2.79852e-17
      78.7000  2.78784e-17
      78.8000  2.77716e-17
      78.9000  2.76648e-17
      79.0000  2.75580e-17
      79.1000  2.74512e-17
      79.2000  2.73444e-17
      79.3000  2.72376e-17
      79.4000  2.71308e-17
      79.5000  2.70240e-17
      79.6000  2.69172e-17
      79.7000  2.68104e-17
      79.8000  2.67036e-17
      79.9000  2.65968e-17
      80.0000  2.64900e-17
      80.1000  2.63719e-17
      80.2000  2.62537e-17
      80.3000  2.61356e-17
      80.4000  2.60174e-17
      80.5000  2.58993e-17
      80.6000  2.57811e-17
      80.7000  2.56630e-17
      80.8000  2.55448e-17
      80.9000  2.54267e-17
      81.0000  2.53085e-17
      81.1000  2.51904e-17
      81.2000  2.50722e-17
      81.3000  2.49541e-17
      81.4000  2.48359e-17
      81.5000  2.47178e-17
      81.6000  2.45996e-17
      81.7000  2.44815e-17
      81.8000  2.43633e-17
      81.9000  2.42452e-17
      82.0000  2.41270e-17
      82.1000  2.40089e-17
      82.2000  2.38907e-17
      82.3000  2.37726e-17
      82.4000  2.36544e-17
      82.5000  2.35363e-17
      82.6000  2.34181e-17
      82.7000  2.33000e-17
      82.8000  2.37068e-17
      82.9000  2.41136e-17
      83.0000  2.45204e-17
      83.1000  2.49271e-17
      83.2000  2.53339e-17
      83.3000  2.57407e-17
      83.4000  2.61475e-17
      83.5000  2.65543e-17
      83.6000  2.69611e-17
      83.7000  2.73679e-17
      83.8000  2.77747e-17
      83.9000  2.81814e-17
      84.0000  2.85882e-17
      84.1000  2.89950e-17
      84.2000  2.94018e-17
      84.3000  2.98086e-17
      84.4000  3.02154e-17
      84.5000  3.06221e-17
      84.6000  3.10289e-17
      84.7000  3.14357e-17
      84.8000  3.18425e-17
      84.9000  3.22493e-17
      85.0000  3.26561e-17
      85.1000  3.30629e-17
      85.2000  3.34696e-17
      85.3000  3.38764e-17
      85.4000  3.42832e-17
      85.5000  3.46900e-17
      85.6000  3.50955e-17
      85.7000  3.55010e-17
      85.8000  3.59065e-17
      85.9000  3.63119e-17
      86.0000  3.67174e-17
      86.1000  3.71229e-17
      86.2000  3.75284e-17
      86.3000  3.79339e-17
      86.4000  3.83394e-17
      86.5000  3.87448e-17
      86.6000  3.91503e-17
      86.7000  3.95558e-17
      86.8000  3.99613e-17
      86.9000  4.03668e-17
      87.0000  4.07723e-17
      87.1000  4.11777e-17
      87.2000  4.15832e-17
      87.3000  4.19887e-17
      87.4000  4.23942e-17
      87.5000  4.27997e-17
      87.6000  4.32052e-17
      87.7000  4.36106e-17
      87.8000  4.40161e-17
      87.9000  4.44216e-17
      88.0000  4.48271e-17
      88.1000  4.52326e-17
      88.2000  4.56381e-17
      88.3000  4.60436e-17
      88.4000  4.64490e-17
      88.5000  4.68545e-17
      88.6000  4.72600e-17
      88.7000  4.72244e-17
      88.8000  4.71888e-17
      88.9000  4.71531e-17
      89.0000  4.71175e-17
      89.1000  4.70819e-17
      89.2000  4.70463e-17
      89.3000  4.70106e-17
      89.4000  4.69750e-17
      89.5000  4.69394e-17
      89.6000  4.69038e-17
      89.7000  4.68681e-17
      89.8000  4.68325e-17
      89.9000  4.67969e-17
      90.0000  4.67613e-17
      90.1000  4.67256e-17
      90.2000  4.66900e-17
      90.3000  4.66544e-17
      90.4000  4.66188e-17
      90.5000  4.65831e-17
      90.6000  4.65475e-17
      90.7000  4.65119e-17
      90.8000  4.64763e-17
      90.9000  4.64406e-17
      91.0000  4.64050e-17
      91.1000  4.63694e-17
      91.2000  4.63338e-17
      91.3000  4.62981e-17
      91.4000  4.62625e-17
      91.5000  4.62269e-17
      91.6000  4.61913e-17
      91.7000  4.61556e-17
      91.8000  4.61200e-17
      91.9000  4.63369e-17
      92.0000  4.65539e-17
      92.1000  4.67708e-17
      92.2000  4.69878e-17
      92.3000  4.72047e-17
      92.4000  4.74217e-17
      92.5000  4.76386e-17
      92.6000  4.78555e-17
      92.7000  4.80725e-17
      92.8000  4.82894e-17
      92.9000  4.85064e-17
      93.0000  4.87233e-17
      93.1000  4.89403e-17
      93.2000  4.91572e-17
      93.3000  4.93742e-17
      93.4000  4.95911e-17
      93.5000  4.98081e-17
      93.6000  5.00250e-17
      93.7000  5.02419e-17
      93.8000  5.04589e-17
      93.9000  5.06758e-17
      94.0000  5.08928e-17
      94.1000  5.11097e-17
      94.2000  5.13267e-17
      94.3000  5.15436e-17
      94.4000  5.17606e-17
      94.5000  5.19775e-17
      94.6000  5.21944e-17
      94.7000  5.24114e-17
      94.8000  5.26283e-17
      94.9000  5.28453e-17
      95.0000  5.30622e-17
      95.1000  5.32792e-17
      95.2000  5.34961e-17
      95.3000  5.37131e-17
      95.4000  5.39300e-17
      95.5000  5.34274e-17
      95.6000  5.29247e-17
      95.7000  5.24221e-17
      95.8000  5.19195e-17
      95.9000  5.14168e-17
      96.0000  5.09142e-17
      96.1000  5.04116e-17
      96.2000  4.99090e-17
      96.3000  4.94063e-17
      96.4000  4.89037e-17
      96.5000  4.84011e-17
      96.6000  4.78984e-17
      96.7000  4.73958e-17
      96.8000  4.68931e-17
      96.9000  4.63905e-17
      97.0000  4.58879e-17
      97.1000  4.53853e-17
      97.2000  4.48826e-17
      97.3000  4.43800e-17
      97.4000  4.38774e-17
      97.5000  4.33747e-17
      97.6000  4.28721e-17
      97.7000  4.23695e-17
      97.8000  4.18668e-17
      97.9000  4.13642e-17
      98.0000  4.08616e-17
      98.1000  4.03589e-17
      98.2000  3.98563e-17
      98.3000  3.93537e-17
      98.4000  3.88510e-17
      98.5000  3.83484e-17
      98.6000  3.78458e-17
      98.7000  3.73432e-17
      98.8000  3.68405e-17
      98.9000  3.63379e-17
      99.0000  3.58353e-17
      99.1000  3.53326e-17
      99.2000  3.48300e-17
      99.3000  3.40586e-17
      99.4000  3.32873e-17
      99.5000  3.25160e-17
      99.6000  3.17447e-17
      99.7000  3.09734e-17
      99.8000  3.02021e-17
      99.9000  2.94308e-17
      100.000  2.86595e-17
      100.100  2.78882e-17
      100.200  2.71168e-17
      100.300  2.63455e-17
      100.400  2.55742e-17
      100.500  2.48029e-17
      100.600  2.40316e-17
      100.700  2.32603e-17
      100.800  2.24889e-17
      100.900  2.17176e-17
      101.000  2.09463e-17
      101.100  2.01750e-17
      101.200  1.94037e-17
      101.300  1.86323e-17
      101.400  1.78610e-17
      101.500  1.70897e-17
      101.600  1.63184e-17
      101.700  1.55471e-17
      101.800  1.47758e-17
      101.900  1.40045e-17
      102.000  1.32332e-17
      102.100  1.24618e-17
      102.200  1.16905e-17
      102.300  1.09192e-17
      102.400  1.01479e-17
      102.500  9.37658e-18
      102.600  8.60527e-18
      102.700  7.83397e-18
      102.800  7.06261e-18
      102.900  6.29130e-18
      103.000  5.52000e-18
      103.100  5.41136e-18
      103.200  5.30272e-18
      103.300  5.19406e-18
      103.400  5.08542e-18
      103.500  4.97678e-18
      103.600  4.86814e-18
      103.700  4.75950e-18
      103.800  4.65084e-18
      103.900  4.54220e-18
      104.000  4.43356e-18
      104.100  4.32492e-18
      104.200  4.21628e-18
      104.300  4.10762e-18
      104.400  3.99898e-18
      104.500  3.89034e-18
      104.600  3.78170e-18
      104.700  3.67305e-18
      104.800  3.56440e-18
      104.900  3.45576e-18
      105.000  3.34712e-18
      105.100  3.23848e-18
      105.200  3.12984e-18
      105.300  3.02118e-18
      105.400  2.91254e-18
      105.500  2.80390e-18
      105.600  2.69526e-18
      105.700  2.58662e-18
      105.800  2.47796e-18
      105.900  2.36932e-18
      106.000  2.26068e-18
      106.100  2.15204e-18
      106.200  2.04340e-18
      106.300  1.93474e-18
      106.400  1.82610e-18
      106.500  1.71746e-18
      106.600  1.60882e-18
      106.700  1.50018e-18
      106.800  1.39152e-18
      106.900  1.28288e-18
      107.000  1.17424e-18
      107.100  1.06560e-18
      107.200  9.56955e-19
      107.300  8.48305e-19
      107.400  7.39662e-19
      107.500  6.31020e-19
      107.600  5.22377e-19
      107.700  4.13735e-19
      107.800  3.05084e-19
      107.900  1.96442e-19
      108.000  8.77998e-20
