   1.0   .0000000E+00
   1.1   .1000000E-34
   1.2   .1000000E-34
   1.3   .1000000E-34
   1.4   .1000000E-34
   1.5   .1000000E-34
   1.6   .1000000E-34
   1.7   .1000000E-34
   1.8   .1000000E-34
   1.9   .1000000E-34
   2.0   .1000000E-34
   2.1   .1000000E-34
   2.2   .1000000E-34
   2.3   .1000001E-20
   2.4   .3000003E-20
   2.5   .5000005E-20
   2.6   .5000010E-20
   2.7   .5000010E-20
   2.8   .5000010E-20
   2.9   .5000010E-20
   3.0   .5000010E-20
   3.1   .5000010E-20
   3.2   .5000010E-20
   3.3   .5000010E-20
   3.4   .5000010E-20
   3.5   .5000010E-20
   3.6   .5000010E-20
   3.7   .5000010E-20
   3.8   .5000010E-20
   3.9   .5000010E-20
   4.0   .5000010E-20
   4.1   .5000010E-20
   4.2   .5000010E-20
   4.3   .5000010E-20
   4.4   .5000010E-20
   4.5   .5000010E-20
   4.6   .5000010E-20
   4.7   .5000010E-20
   4.8   .5000010E-20
   4.9   .5000010E-20
   5.0   .5000010E-20
   5.1   .5000010E-20
   5.2   .5000010E-20
   5.3   .5000010E-20
   5.4   .5000010E-20
   5.5   .5000010E-20
   5.6   .5000010E-20
   5.7   .5000010E-20
   5.8   .5000010E-20
   5.9   .5000010E-20
   6.0   .5000010E-20
   6.1   .5000010E-20
   6.2   .5000010E-20
   6.3   .5000010E-20
   6.4   .5000010E-20
   6.5   .5000010E-20
   6.6   .5273067E-20
   6.7   .5546135E-20
   6.8   .5837841E-20
   6.9   .6148189E-20
   7.0   .6458537E-20
   7.1   .6811255E-20
   7.2   .7163974E-20
   7.3   .7540772E-20
   7.4   .7941651E-20
   7.5   .8342531E-20
   7.6   .8798144E-20
   7.7   .9253759E-20
   7.8   .9740466E-20
   7.9   .1025827E-19
   8.0   .1077607E-19
   8.1   .1136463E-19
   8.2   .1195319E-19
   8.3   .1258191E-19
   8.4   .1325079E-19
   8.5   .1391967E-19
   8.6   .1467987E-19
   8.7   .1544008E-19
   8.8   .1625216E-19
   8.9   .1711612E-19
   9.0   .1798008E-19
   9.1   .1896204E-19
   9.2   .1994401E-19
   9.3   .2099301E-19
   9.4   .2210906E-19
   9.5   .2210906E-19
   9.6   .2449351E-19
   9.7   .2576191E-19
   9.8   .2711690E-19
   9.9   .2855846E-19
  10.0   .3000001E-19
  10.1   .3075242E-19
  10.2   .3150482E-19
  10.3   .3228083E-19
  10.4   .3308043E-19
  10.5   .3388003E-19
  10.6   .3472971E-19
  10.7   .3557940E-19
  10.8   .3645572E-19
  10.9   .3735869E-19
  11.0   .3826166E-19
  11.1   .3922130E-19
  11.2   .4018094E-19
  11.3   .4117067E-19
  11.4   .4219047E-19
  11.5   .4321028E-19
  11.6   .4429393E-19
  11.7   .4537757E-19
  11.8   .4649522E-19
  11.9   .4764686E-19
  12.0   .4879849E-19
  12.1   .4970301E-19
  12.2   .5060753E-19
  12.3   .5142304E-19
  12.4   .5214956E-19
  12.5   .5287609E-19
  12.6   .5362849E-19
  12.7   .5438089E-19
  12.8   .5514666E-19
  12.9   .5592578E-19
  13.0   .5670491E-19
  13.1   .5751167E-19
  13.2   .5831844E-19
  13.3   .5913960E-19
  13.4   .5997516E-19
  13.5   .6081073E-19
  13.6   .6167602E-19
  13.7   .6254130E-19
  13.8   .6342199E-19
  13.9   .6431807E-19
  14.0   .6521416E-19
  14.1   .6614209E-19
  14.2   .6707001E-19
  14.3   .6801440E-19
  14.4   .6897524E-19
  14.5   .6993609E-19
  14.6   .7093122E-19
  14.7   .7192634E-19
  14.8   .7293917E-19
  14.9   .7396970E-19
  15.0   .7500026E-19
  15.1   .7622322E-19
  15.2   .7744619E-19
  15.3   .7869411E-19
  15.4   .7996695E-19
  15.5   .8123981E-19
  15.6   .8256437E-19
  15.7   .8388894E-19
  15.8   .8524059E-19
  15.9   .8661932E-19
  16.0   .8799806E-19
  16.1   .8943298E-19
  16.2   .9086790E-19
  16.3   .9233210E-19
  16.4   .9382555E-19
  16.5   .9531901E-19
  16.6   .9687314E-19
  16.7   .9842727E-19
  16.8   .1004326E-18
  16.9   .1028887E-18
  17.0   .1053448E-18
  17.1   .1081780E-18
  17.2   .1110112E-18
  17.3   .1139395E-18
  17.4   .1169627E-18
  17.5   .1199860E-18
  17.6   .1232128E-18
  17.7   .1264396E-18
  17.8   .1297751E-18
  17.9   .1332191E-18
  18.0   .1366632E-18
  18.1   .1403388E-18
  18.2   .1440144E-18
  18.3   .1478135E-18
  18.4   .1517359E-18
  18.5   .1556584E-18
  18.6   .1598449E-18
  18.7   .1640313E-18
  18.8   .1683582E-18
  18.9   .1728254E-18
  19.0   .1772927E-18
  19.1   .1820611E-18
  19.2   .1868296E-18
  19.3   .1917581E-18
  19.4   .1968465E-18
  19.5   .2019351E-18
  19.6   .2073663E-18
  19.7   .2127975E-18
  19.8   .2184111E-18
  19.9   .2242067E-18
  20.0   .2300000E-18
  20.1   .2300000E-18
  20.2   .2300000E-18
  20.3   .2300000E-18
  20.4   .2300000E-18
  20.5   .2300000E-18
  20.6   .2300000E-18
  20.7   .2300000E-18
  20.8   .2300000E-18
  20.9   .2300000E-18
  21.0   .2300000E-18
  21.1   .2300000E-18
  21.2   .2300000E-18
  21.3   .2300000E-18
  21.4   .2300000E-18
  21.5   .2300000E-18
  21.6   .2300000E-18
  21.7   .2300000E-18
  21.8   .2300000E-18
  21.9   .2300000E-18
  22.0   .2300042E-18
  22.1   .2388667E-18
  22.2   .2477291E-18
  22.3   .2570184E-18
  22.4   .2667336E-18
  22.5   .2764493E-18
  22.6   .2871005E-18
  22.7   .2977518E-18
  22.8   .3089165E-18
  22.9   .3205938E-18
  23.0   .3322716E-18
  23.1   .3450741E-18
  23.2   .3578765E-18
  23.3   .3712962E-18
  23.4   .3853319E-18
  23.5   .3993682E-18
  23.6   .4147551E-18
  23.7   .4301419E-18
  23.8   .4462710E-18
  23.9   .4631407E-18
  24.0   .4800043E-18
  24.1   .4859663E-18
  24.2   .4919283E-18
  24.3   .4979837E-18
  24.4   .5041321E-18
  24.5   .5102806E-18
  24.6   .5166187E-18
  24.7   .5229567E-18
  24.8   .5293934E-18
  24.9   .5359286E-18
  25.0   .5424640E-18
  25.1   .5492028E-18
  25.2   .5559416E-18
  25.3   .5627848E-18
  25.4   .5697320E-18
  25.5   .5766794E-18
  25.6   .5838434E-18
  25.7   .5910075E-18
  25.8   .5982822E-18
  25.9   .6056674E-18
  26.0   .6130528E-18
  26.1   .6206676E-18
  26.2   .6282824E-18
  26.3   .6360162E-18
  26.4   .6438687E-18
  26.5   .6517213E-18
  26.6   .6598161E-18
  26.7   .6679109E-18
  26.8   .6761323E-18
  26.9   .6844799E-18
  27.0   .6928277E-18
  27.1   .7014334E-18
  27.2   .7100390E-18
  27.3   .7187786E-18
  27.4   .7276519E-18
  27.5   .7365253E-18
  27.6   .7456749E-18
  27.7   .7548245E-18
  27.8   .7641158E-18
  27.9   .7735482E-18
  28.0   .7829809E-18
  28.1   .7927061E-18
  28.2   .8024314E-18
  28.3   .8123088E-18
  28.4   .8223380E-18
  28.5   .8323675E-18
  28.6   .8427063E-18
  28.7   .8530452E-18
  28.8   .8635447E-18
  28.9   .8742043E-18
  29.0   .8848642E-18
  29.1   .8958566E-18
  29.2   .9068491E-18
  29.3   .9180118E-18
  29.4   .9293442E-18
  29.5   .9406769E-18
  29.6   .9523630E-18
  29.7   .9640490E-18
  29.8   .9759158E-18
  29.9   .9879626E-18
  30.0   .1000008E-17
  30.1   .1010764E-17
  30.2   .1021520E-17
  30.3   .1032421E-17
  30.4   .1043465E-17
  30.5   .1054509E-17
  30.6   .1065849E-17
  30.7   .1077189E-17
  30.8   .1088681E-17
  30.9   .1100325E-17
  31.0   .1111970E-17
  31.1   .1123930E-17
  31.2   .1135890E-17
  31.3   .1148010E-17
  31.4   .1160290E-17
  31.5   .1172570E-17
  31.6   .1185183E-17
  31.7   .1197795E-17
  31.8   .1210575E-17
  31.9   .1223523E-17
  32.0   .1236471E-17
  32.1   .1249767E-17
  32.2   .1263063E-17
  32.3   .1276539E-17
  32.4   .1290195E-17
  32.5   .1303851E-17
  32.6   .1317874E-17
  32.7   .1331898E-17
  32.8   .1346108E-17
  32.9   .1360504E-17
  33.0   .1374900E-17
  33.1   .1389688E-17
  33.2   .1404476E-17
  33.3   .1419462E-17
  33.4   .1434646E-17
  33.5   .1449830E-17
  33.6   .1465421E-17
  33.7   .1481013E-17
  33.8   .1496815E-17
  33.9   .1512827E-17
  34.0   .1528839E-17
  34.1   .1545282E-17
  34.2   .1561726E-17
  34.3   .1578390E-17
  34.4   .1595274E-17
  34.5   .1612158E-17
  34.6   .1629494E-17
  34.7   .1646829E-17
  34.8   .1664399E-17
  34.9   .1682203E-17
  35.0   .1700005E-17
  35.1   .1711832E-17
  35.2   .1723660E-17
  35.3   .1735590E-17
  35.4   .1747622E-17
  35.5   .1759654E-17
  35.6   .1771893E-17
  35.7   .1784133E-17
  35.8   .1796481E-17
  35.9   .1808937E-17
  36.0   .1821393E-17
  36.1   .1834065E-17
  36.2   .1846737E-17
  36.3   .1859516E-17
  36.4   .1872404E-17
  36.5   .1885292E-17
  36.6   .1898404E-17
  36.7   .1911516E-17
  36.8   .1924743E-17
  36.9   .1938087E-17
  37.0   .1951431E-17
  37.1   .1965007E-17
  37.2   .1978583E-17
  37.3   .1992276E-17
  37.4   .2006088E-17
  37.5   .2006088E-17
  37.6   .2033952E-17
  37.7   .2048003E-17
  37.8   .2062177E-17
  37.9   .2076473E-17
  38.0   .2090769E-17
  38.1   .2105313E-17
  38.2   .2119856E-17
  38.3   .2134528E-17
  38.4   .2149328E-17
  38.5   .2164128E-17
  38.6   .2179180E-17
  38.7   .2194231E-17
  38.8   .2209415E-17
  38.9   .2224731E-17
  39.0   .2240046E-17
  39.1   .2255630E-17
  39.2   .2271214E-17
  39.3   .2286934E-17
  39.4   .2302789E-17
  39.5   .2318645E-17
  39.6   .2334773E-17
  39.7   .2350901E-17
  39.8   .2367170E-17
  39.9   .2383582E-17
  40.0   .2399994E-17
  40.1   .2416857E-17
  40.2   .2433721E-17
  40.3   .2450735E-17
  40.4   .2467898E-17
  40.5   .2485062E-17
  40.6   .2502522E-17
  40.7   .2519982E-17
  40.8   .2537597E-17
  40.9   .2555369E-17
  41.0   .2573141E-17
  41.1   .2591220E-17
  41.2   .2609300E-17
  41.3   .2627539E-17
  41.4   .2645939E-17
  41.5   .2664339E-17
  41.6   .2683062E-17
  41.7   .2701786E-17
  41.8   .2720671E-17
  41.9   .2739719E-17
  42.0   .2758767E-17
  42.1   .2778158E-17
  42.2   .2797550E-17
  42.3   .2817108E-17
  42.4   .2836831E-17
  42.5   .2856555E-17
  42.6   .2876626E-17
  42.7   .2896698E-17
  42.8   .2916948E-17
  42.9   .2937375E-17
  43.0   .2957803E-17
  43.1   .2978586E-17
  43.2   .2999370E-17
  43.3   .3020337E-17
  43.4   .3041489E-17
  43.5   .3062641E-17
  43.6   .3084160E-17
  43.7   .3105680E-17
  43.8   .3127389E-17
  43.9   .3149289E-17
  44.0   .3171188E-17
  44.1   .3193476E-17
  44.2   .3215763E-17
  44.3   .3238243E-17
  44.4   .3260914E-17
  44.5   .3283586E-17
  44.6   .3306665E-17
  44.7   .3329745E-17
  44.8   .3353022E-17
  44.9   .3376497E-17
  45.0   .3399973E-17
  45.1   .3419170E-17
  45.2   .3438362E-17
  45.3   .3457691E-17
  45.4   .3477158E-17
  45.5   .3496626E-17
  45.6   .3516362E-17
  45.7   .3536097E-17
  45.8   .3555977E-17
  45.9   .3576000E-17
  46.0   .3596024E-17
  46.1   .3616323E-17
  46.2   .3636623E-17
  46.3   .3657066E-17
  46.4   .3677654E-17
  46.5   .3698242E-17
  46.6   .3719121E-17
  46.7   .3740001E-17
  46.8   .3761026E-17
  46.9   .3782198E-17
  47.0   .3803369E-17
  47.1   .3824836E-17
  47.2   .3846304E-17
  47.3   .3867929E-17
  47.4   .3889713E-17
  47.5   .3911497E-17
  47.6   .3933576E-17
  47.7   .3955656E-17
  47.8   .3977891E-17
  47.9   .4000283E-17
  48.0   .4022674E-17
  48.1   .4045381E-17
  48.2   .4068089E-17
  48.3   .4090958E-17
  48.4   .4113989E-17
  48.5   .4137021E-17
  48.6   .4160372E-17
  48.7   .4183724E-17
  48.8   .4207241E-17
  48.9   .4230925E-17
  49.0   .4254608E-17
  49.1   .4278636E-17
  49.2   .4302663E-17
  49.3   .4326854E-17
  49.4   .4351210E-17
  49.5   .4375565E-17
  49.6   .4400268E-17
  49.7   .4424972E-17
  49.8   .4449847E-17
  49.9   .4474894E-17
  50.0   .4499942E-17
  50.1   .4522930E-17
  50.2   .4545913E-17
  50.3   .4569047E-17
  50.4   .4592330E-17
  50.5   .4615614E-17
  50.6   .4639189E-17
  50.7   .4662765E-17
  50.8   .4686489E-17
  50.9   .4710365E-17
  51.0   .4734241E-17
  51.1   .4758420E-17
  51.2   .4782599E-17
  51.3   .4806933E-17
  51.4   .4831420E-17
  51.5   .4855908E-17
  51.6   .4880719E-17
  51.7   .4905530E-17
  51.8   .4930495E-17
  51.9   .4955615E-17
  52.0   .4980734E-17
  52.1   .5006173E-17
  52.2   .5031613E-17
  52.3   .5057214E-17
  52.4   .5082977E-17
  52.5   .5108741E-17
  52.6   .5134840E-17
  52.7   .5160939E-17
  52.8   .5187202E-17
  52.9   .5213630E-17
  53.0   .5240058E-17
  53.1   .5266820E-17
  53.2   .5293584E-17
  53.3   .5320519E-17
  53.4   .5347626E-17
  53.5   .5374734E-17
  53.6   .5402193E-17
  53.7   .5429652E-17
  53.8   .5457283E-17
  53.9   .5485086E-17
  54.0   .5512890E-17
  54.1   .5541045E-17
  54.2   .5569200E-17
  54.3   .5597535E-17
  54.4   .5626051E-17
  54.5   .5654566E-17
  54.6   .5683457E-17
  54.7   .5712348E-17
  54.8   .5741419E-17
  54.9   .5770670E-17
  55.0   .5799922E-17
  55.1   .5821857E-17
  55.2   .5843773E-17
  55.3   .5865792E-17
  55.4   .5887915E-17
  55.5   .5910039E-17
  55.6   .5932374E-17
  55.7   .5954710E-17
  55.8   .5977149E-17
  55.9   .5999693E-17
  56.0   .6022236E-17
  56.1   .6044992E-17
  56.2   .6067747E-17
  56.3   .6090610E-17
  56.4   .6113582E-17
  56.5   .6136554E-17
  56.6   .6159744E-17
  56.7   .6182936E-17
  56.8   .6206235E-17
  56.9   .6229643E-17
  57.0   .6253050E-17
  57.1   .6276681E-17
  57.2   .6300313E-17
  57.3   .6324054E-17
  57.4   .6347906E-17
  57.5   .6371757E-17
  57.6   .6395824E-17
  57.7   .6419892E-17
  57.8   .6444077E-17
  57.9   .6468380E-17
  58.0   .6492684E-17
  58.1   .6517219E-17
  58.2   .6541754E-17
  58.3   .6566405E-17
  58.4   .6591173E-17
  58.5   .6615941E-17
  58.6   .6640940E-17
  58.7   .6665939E-17
  58.8   .6691058E-17
  58.9   .6716298E-17
  59.0   .6741537E-17
  59.1   .6767012E-17
  59.2   .6792487E-17
  59.3   .6818083E-17
  59.4   .6843798E-17
  59.5   .6869514E-17
  59.6   .6895473E-17
  59.7   .6921432E-17
  59.8   .6947513E-17
  59.9   .6973717E-17
  60.0   .6999920E-17
  60.1   .7027224E-17
  60.2   .7054531E-17
  60.3   .7081978E-17
  60.4   .7109565E-17
  60.5   .7137153E-17
  60.6   .7164996E-17
  60.7   .7192839E-17
  60.8   .7220824E-17
  60.9   .7248952E-17
  61.0   .7277079E-17
  61.1   .7305470E-17
  61.2   .7333861E-17
  61.3   .7362390E-17
  61.4   .7391057E-17
  61.5   .7419725E-17
  61.6   .7448684E-17
  61.7   .7477643E-17
  61.8   .7506735E-17
  61.9   .7535964E-17
  62.0   .7565191E-17
  62.1   .7594717E-17
  62.2   .7624244E-17
  62.3   .7653909E-17
  62.4   .7683712E-17
  62.5   .7713516E-17
  62.6   .7743607E-17
  62.7   .7773699E-17
  62.8   .7803943E-17
  62.9   .7834342E-17
  63.0   .7864741E-17
  63.1   .7895424E-17
  63.2   .7926107E-17
  63.3   .7956946E-17
  63.4   .7987942E-17
  63.5   .8018937E-17
  63.6   .8050219E-17
  63.7   .8081503E-17
  63.8   .8112938E-17
  63.9   .8144525E-17
  64.0   .8176113E-17
  64.1   .8208023E-17
  64.2   .8239934E-17
  64.3   .8271995E-17
  64.4   .8304206E-17
  64.5   .8336418E-17
  64.6   .8368952E-17
  64.7   .8401487E-17
  64.8   .8434173E-17
  64.9   .8467012E-17
  65.0   .8499852E-17
  65.1   .8527613E-17
  65.2   .8555352E-17
  65.3   .8583209E-17
  65.4   .8611185E-17
  65.5   .8639161E-17
  65.6   .8667351E-17
  65.7   .8695543E-17
  65.8   .8723850E-17
  65.9   .8752273E-17
  66.0   .8780697E-17
  66.1   .8809347E-17
  66.2   .8837998E-17
  66.3   .8866767E-17
  66.4   .8895654E-17
  66.5   .8924542E-17
  66.6   .8953677E-17
  66.7   .8982812E-17
  66.8   .9012061E-17
  66.9   .9041424E-17
  67.0   .9070787E-17
  67.1   .9100386E-17
  67.2   .9129986E-17
  67.3   .9159713E-17
  67.4   .9189568E-17
  67.5   .9219423E-17
  67.6   .9249505E-17
  67.7   .9279589E-17
  67.8   .9309795E-17
  67.9   .9340127E-17
  68.0   .9370458E-17
  68.1   .9401038E-17
  68.2   .9431617E-17
  68.3   .9462318E-17
  68.4   .9493141E-17
  68.5   .9523964E-17
  68.6   .9555058E-17
  68.7   .9586154E-17
  68.8   .9617368E-17
  68.9   .9648704E-17
  69.0   .9680040E-17
  69.1   .9711626E-17
  69.2   .9743213E-17
  69.3   .9774938E-17
  69.4   .9806801E-17
  69.5   .9838665E-17
  69.6   .9870767E-17
  69.7   .9902871E-17
  69.8   .9935104E-17
  69.9   .9967472E-17
  70.0   .9999839E-17
  70.1   .1002436E-16
  70.2   .1004884E-16
  70.3   .1007338E-16
  70.4   .1009798E-16
  70.5   .1012258E-16
  70.6   .1014733E-16
  70.7   .1017209E-16
  70.8   .1019693E-16
  70.9   .1022185E-16
  71.0   .1024677E-16
  71.1   .1027185E-16
  71.2   .1029693E-16
  71.3   .1032209E-16
  71.4   .1034733E-16
  71.5   .1037257E-16
  71.6   .1039793E-16
  71.7   .1042329E-16
  71.8   .1044875E-16
  71.9   .1047431E-16
  72.0   .1049987E-16
  72.1   .1041895E-16
  72.2   .1033747E-16
  72.3   .1025676E-16
  72.4   .1017685E-16
  72.5   .1009693E-16
  72.6   .1001855E-16
  72.7   .9940185E-17
  72.8   .9862578E-17
  72.9   .9785747E-17
  73.0   .9708916E-17
  73.1   .9633565E-17
  73.2   .9558223E-17
  73.3   .9483603E-17
  73.4   .9409725E-17
  73.5   .9335846E-17
  73.6   .9263375E-17
  73.7   .9190912E-17
  73.8   .9119151E-17
  73.9   .9048109E-17
  74.0   .8977065E-17
  74.1   .8907399E-17
  74.2   .8837740E-17
  74.3   .8768740E-17
  74.4   .8700413E-17
  74.5   .8632085E-17
  74.6   .8565091E-17
  74.7   .8498104E-17
  74.8   .8431760E-17
  74.9   .8366072E-17
  75.0   .8300385E-17
  75.1   .8178260E-17
  75.2   .8055810E-17
  75.3   .7935599E-17
  75.4   .7817677E-17
  75.5   .7699754E-17
  75.6   .7586143E-17
  75.7   .7472556E-17
  75.8   .7361047E-17
  75.9   .7251665E-17
  76.0   .7142283E-17
  76.1   .7036897E-17
  76.2   .6931534E-17
  76.3   .6828093E-17
  76.4   .6726618E-17
  76.5   .6625144E-17
  76.6   .6527399E-17
  76.7   .6429677E-17
  76.8   .6333729E-17
  76.9   .6239598E-17
  77.0   .6145468E-17
  77.1   .6054800E-17
  77.2   .5964153E-17
  77.3   .5875154E-17
  77.4   .5787844E-17
  77.5   .5700533E-17
  77.6   .5338012E-17
  77.7   .4973802E-17
  77.8   .4638328E-17
  77.9   .4332305E-17
  78.0   .4026281E-17
  78.1   .3768835E-17
  78.2   .3511691E-17
  78.3   .3274833E-17
  78.4   .3058772E-17
  78.5   .2842712E-17
  78.6   .2660943E-17
  78.7   .2479390E-17
  78.8   .2312153E-17
  78.9   .2159600E-17
  79.0   .2007046E-17
  79.1   .1878714E-17
  79.2   .1750536E-17
  79.3   .1632463E-17
  79.4   .1524757E-17
  79.5   .1417050E-17
  79.6   .1326441E-17
  79.7   .1235943E-17
  79.8   .1152579E-17
  79.9   .1076536E-17
  80.0   .1000493E-17
  80.1   .6026001E-18
  80.2   .2026062E-18
  80.3   .1000000E-34
  80.4   .1000000E-34
  80.5   .1000000E-34
