6 46
sections efficaces de H2O2:
1) jusqu'a 185 nm: Schuergers and Welge, Z. Naturforsch. 23a (1968) 1508
2) de 190 nm a 350 nm: JPL 1997 (depend de T a partir de 260 nm), voir JPL 1997
===============================================================================
 125.00   1.000E-17
 130.00   9.690E-18
 135.00   8.130E-18
 140.00   5.920E-18
 145.00   4.470E-18
 150.00   4.020E-18
 155.00   3.660E-18
 160.00   3.980E-18
 165.00   4.320E-18
 170.00   3.540E-18
 175.00   2.190E-18
 180.00   1.450E-18
 185.00   1.070E-18
190			67.2e-20
195			56.4e-20
200			47.5e-20
205			40.8e-20
210			35.7e-20
215			30.7e-20
220			25.8e-20
225			21.7e-20
230			18.2e-20
235			15.0e-20
240			12.4e-20
245			10.2e-20
250			8.3e-20
255			6.7e-20
260			5.3e-20
265			4.2e-20
270			3.3e-20
275			2.6e-20
280			2.0e-20
285			1.5e-20
290			1.2e-20
295			0.90e-20
300			0.68e-20
305			0.51e-20
310			0.39e-20
315			0.29e-20
320			0.22e-20
325			0.16e-20
330			0.13e-20
335			0.10e-20
340			0.07e-20
345			0.05e-20
350			0.04e-20
