  z(km)       hvmr          ohvmr          ho2vmr         h2ovmr        h2o2vmr         o1dvmr         o3vmr
   0.00   1.995260e-13   6.309580e-13   4.540910e-10   4.323170e-05   8.483430e-09   1.236250e-18   2.000000e-08
   1.00   2.400840e-13   7.165360e-13   4.854480e-10   4.323170e-05   8.411790e-09   1.260490e-18   2.000000e-08
   2.00   3.039520e-13   8.137230e-13   5.189710e-10   4.323170e-05   8.340780e-09   1.291380e-18   2.000000e-08
   3.00   3.812910e-13   9.240900e-13   5.548080e-10   4.323170e-05   8.270340e-09   1.323020e-18   2.000000e-08
   4.00   4.721250e-13   1.051510e-12   5.831070e-10   4.323170e-05   8.208910e-09   1.355520e-18   2.000000e-08
   5.00   5.837590e-13   1.213950e-12   6.044280e-10   4.323170e-05   8.208910e-09   1.390600e-18   2.000000e-08
   6.00   7.188260e-13   1.401480e-12   6.265280e-10   4.323170e-05   8.208910e-09   1.426590e-18   2.000000e-08
   7.00   8.851420e-13   1.617990e-12   6.494370e-10   4.323170e-05   8.293050e-09   1.463510e-18   2.000000e-08
   8.00   1.080580e-12   1.835800e-12   6.778000e-10   4.323170e-05   8.452790e-09   1.494470e-18   2.000000e-08
   9.00   1.317740e-12   2.040400e-12   7.080120e-10   4.323170e-05   8.615600e-09   1.518780e-18   2.000000e-08
  10.00   1.602040e-12   2.267800e-12   7.395700e-10   4.323170e-05   8.791870e-09   1.543490e-18   2.000000e-08
  11.00   1.945530e-12   2.577740e-12   7.752900e-10   4.323170e-05   9.084170e-09   1.568600e-18   2.000000e-08
  12.00   2.392530e-12   2.964830e-12   8.131660e-10   4.323170e-05   9.386190e-09   1.623380e-18   2.000000e-08
  13.00   3.008060e-12   3.411170e-12   8.528900e-10   4.323170e-05   9.689990e-09   1.691130e-18   2.000000e-08
  14.00   3.781940e-12   3.941840e-12   8.925570e-10   4.323170e-05   9.889220e-09   1.761690e-18   2.000000e-08
  15.00   4.685050e-12   4.555090e-12   9.312120e-10   4.323170e-05   1.009250e-08   1.841170e-18   2.000000e-08
  16.00   5.792390e-12   5.263730e-12   9.715410e-10   4.323170e-05   1.030000e-08   1.926090e-18   2.000000e-08
  17.00   7.470210e-12   6.082610e-12   1.013620e-09   4.323170e-05   1.033440e-08   2.014920e-18   2.000000e-08
  18.00   9.615760e-12   7.084110e-12   1.056540e-09   4.323170e-05   1.033440e-08   2.115680e-18   2.000000e-08
  19.00   1.219260e-11   8.252240e-12   1.100430e-09   4.323170e-05   1.033440e-08   2.233300e-18   2.000000e-08
  20.00   1.550520e-11   9.565640e-12   1.146140e-09   4.323170e-05   1.033440e-08   2.357470e-18   2.000000e-08
  21.00   1.999640e-11   1.100210e-11   1.186770e-09   4.323170e-05   1.018460e-08   2.490440e-18   2.000000e-08
  22.00   2.568700e-11   1.265430e-11   1.212930e-09   4.323170e-05   1.003030e-08   2.668320e-18   2.000000e-08
  23.00   3.257050e-11   1.506810e-11   1.239670e-09   4.323170e-05   9.572400e-09   2.858890e-18   2.000000e-08
  24.00   4.101230e-11   1.809670e-11   1.251910e-09   4.323170e-05   9.064560e-09   3.063070e-18   2.000000e-08
  25.00   5.078250e-11   2.173420e-11   1.228250e-09   4.323170e-05   8.583690e-09   3.295950e-18   2.000000e-08
  26.00   6.338240e-11   2.537630e-11   1.205040e-09   4.323170e-05   7.754830e-09   3.688130e-18   2.000000e-08
  27.00   8.313990e-11   2.900200e-11   1.182260e-09   4.323170e-05   6.929530e-09   4.126970e-18   2.000000e-08
  28.00   1.089650e-10   3.314580e-11   1.145470e-09   4.323170e-05   6.382790e-09   4.643460e-18   2.000000e-08
  29.00   1.423270e-10   3.804670e-11   1.107270e-09   4.323170e-05   5.879200e-09   5.412790e-18   2.000000e-08
  30.00   1.847850e-10   4.507830e-11   1.070350e-09   4.323170e-05   5.336700e-09   6.309560e-18   2.000000e-08
  31.00   2.383100e-10   5.344240e-11   1.034650e-09   4.323170e-05   4.645290e-09   7.249460e-18   2.000000e-08
  32.00   3.232590e-10   6.353460e-11   9.804590e-10   4.304640e-05   4.043460e-09   8.237370e-18   2.000000e-08
  33.00   4.570880e-10   7.553250e-11   9.284430e-10   3.725690e-05   3.637160e-09   9.406350e-18   2.000000e-08
  34.00   5.894900e-10   8.979610e-11   8.791890e-10   3.250130e-05   3.285280e-09   1.096480e-17   2.000000e-08
  35.00   7.664610e-10   1.134800e-10   8.532400e-10   2.875850e-05   2.980480e-09   1.278140e-17   2.000000e-08
  36.00   1.086430e-09   1.439740e-10   8.291690e-10   2.518140e-05   2.704610e-09   1.513890e-17   2.000000e-08
  37.00   1.640050e-09   1.953690e-10   8.057750e-10   2.182640e-05   2.400240e-09   1.892070e-17   2.000000e-08
  38.00   2.592470e-09   2.560600e-10   7.453840e-10   1.958550e-05   2.095720e-09   2.378790e-17   2.000000e-08
  39.00   3.954960e-09   3.075280e-10   6.563610e-10   1.757460e-05   1.858860e-09   3.309470e-17   2.000000e-08
  40.00   5.265360e-09   3.693410e-10   5.779690e-10   1.573470e-05   1.663560e-09   4.604240e-17   2.000000e-08
  41.00   7.431010e-09   4.393960e-10   4.601720e-10   1.407840e-05   1.496530e-09   6.608090e-17   2.000000e-08
  42.00   1.079300e-08   4.393960e-10   3.629180e-10   1.246820e-05   1.365570e-09   9.728650e-17   2.000000e-08
  43.00   1.356970e-08   4.393960e-10   2.736680e-10   1.100170e-05   1.244110e-09   1.342360e-16   2.000000e-08
  44.00   1.706080e-08   4.229470e-10   2.056570e-10   9.943820e-06   1.119350e-09   1.843480e-16   2.000000e-08
  45.00   2.145010e-08   3.630780e-10   1.541480e-10   9.084590e-06   1.007110e-09   2.450680e-16   2.000000e-08
  46.00   2.696850e-08   3.116840e-10   1.132080e-10   8.069600e-06   9.015120e-10   3.257860e-16   2.000000e-08
  47.00   3.073920e-08   2.674640e-10   8.171200e-11   7.076530e-06   7.978890e-10   4.237460e-16   2.000000e-08
  48.00   3.456850e-08   2.246520e-10   6.255840e-11   6.287760e-06   7.061780e-10   5.301680e-16   2.000000e-08
  49.00   3.888260e-08   1.886930e-10   4.807340e-11   5.589150e-06   6.262200e-10   6.633170e-16   2.000000e-08
  50.00   4.383660e-08   1.584890e-10   3.727590e-11   4.983460e-06   5.682580e-10   8.040150e-16   2.000000e-08
  51.00   4.942180e-08   1.323310e-10   2.936200e-11   4.450680e-06   5.156600e-10   9.664020e-16   2.000000e-08
  52.00   5.557210e-08   1.104900e-10   2.380360e-11   3.993730e-06   4.597430e-10   1.117340e-15   2.000000e-08
  53.00   5.997910e-08   9.318870e-11   1.906720e-11   3.583430e-06   4.068980e-10   1.278920e-15   2.000000e-08
  54.00   6.473560e-08   7.906380e-11   1.516550e-11   3.206220e-06   3.641950e-10   1.416540e-15   2.000000e-08
  55.00   6.986920e-08   6.708000e-11   1.223810e-11   2.868720e-06   3.289590e-10   1.568970e-15   2.000000e-08
  56.00   7.591490e-08   5.698630e-11   1.003560e-11   2.590200e-06   2.971340e-10   1.733460e-15   2.000000e-08
  57.00   8.283320e-08   4.842460e-11   8.127730e-12   2.339120e-06   2.704230e-10   1.853710e-15   2.000000e-08
  58.00   9.038200e-08   4.114920e-11   6.409990e-12   2.097730e-06   2.461800e-10   1.982310e-15   2.000000e-08
  59.00   9.824330e-08   3.460320e-11   5.165860e-12   1.876920e-06   2.232500e-10   2.119820e-15   2.000000e-08
  60.00   1.065110e-07   2.889210e-11   4.313250e-12   1.692720e-06   1.985190e-10   2.239400e-15   2.000000e-08
  61.00   1.154750e-07   2.421030e-11   3.600110e-12   1.531640e-06   1.765280e-10   2.362840e-15   2.000000e-08
  62.00   1.251930e-07   2.054070e-11   2.887830e-12   1.383050e-06   1.558430e-10   2.493080e-15   2.000000e-08
  63.00   1.332560e-07   1.742730e-11   2.322430e-12   1.242640e-06   1.358400e-10   2.630510e-15   2.000000e-08
  64.00   1.416450e-07   1.472310e-11   1.933750e-12   1.117820e-06   1.194750e-10   2.727400e-15   2.000000e-08
  65.00   1.505620e-07   1.236640e-11   1.610120e-12   1.007130e-06   1.087640e-10   2.825620e-15   2.000000e-08
  66.00   1.628360e-07   1.038700e-11   1.303770e-12   9.082160e-07   9.901280e-11   2.979750e-15   2.000000e-08
  67.00   1.774340e-07   8.654590e-12   1.052930e-12   8.201800e-07   8.911330e-11   3.231670e-15   2.000000e-08
  68.00   1.933400e-07   7.126620e-12   8.906640e-13   7.412140e-07   7.887050e-11   3.504890e-15   2.000000e-08
  69.00   2.099030e-07   5.881260e-12   7.645900e-13   6.724760e-07   6.993830e-11   3.808810e-15   2.000000e-08
  70.00   2.253990e-07   5.160040e-12   6.529150e-13   6.103750e-07   6.237350e-11   4.439850e-15   2.000000e-08
  71.00   2.420390e-07   4.527280e-12   5.436440e-13   5.559130e-07   5.600040e-11   5.175440e-15   2.000000e-08
  72.00   2.598880e-07   3.971850e-12   4.528980e-13   5.260270e-07   5.058250e-11   6.611750e-15   2.000000e-08
  73.00   2.778340e-07   3.471400e-12   3.887890e-13   5.226860e-07   4.568870e-11   8.580260e-15   2.000000e-08
  74.00   2.970200e-07   3.034010e-12   3.337550e-13   5.193660e-07   4.144820e-11   1.268110e-14   2.000000e-08
  75.00   3.175300e-07   2.651730e-12   2.849450e-13   5.160660e-07   3.761180e-11   2.012460e-14   2.000000e-08
  76.00   3.357930e-07   2.375050e-12   2.415200e-13   5.127880e-07   3.463720e-11   3.105310e-14   2.000000e-08
  77.00   3.521970e-07   2.224670e-12   2.047120e-13   5.107020e-07   3.225590e-11   4.745860e-14   2.000000e-08
  78.00   3.694030e-07   2.083810e-12   1.776640e-13   5.086510e-07   3.003840e-11   7.830190e-14   2.000000e-08
  79.00   3.877370e-07   1.995260e-12   1.548610e-13   5.066080e-07   2.810510e-11   1.208960e-13   2.000000e-08
  80.00   4.091970e-07   1.995260e-12   1.335720e-13   5.035680e-07   2.654170e-11   1.912400e-13   2.000000e-08
  81.00   4.318450e-07   2.072320e-12   1.146640e-13   4.993070e-07   2.506520e-11   2.774740e-13   2.000000e-08
  82.00   4.557460e-07   2.169420e-12   9.843330e-14   4.950830e-07   2.367090e-11   3.890440e-13   2.000000e-08
  83.00   4.796150e-07   2.366230e-12   8.450010e-14   4.911240e-07   2.238860e-11   5.286360e-13   2.000000e-08
  84.00   5.030450e-07   2.633040e-12   7.253890e-14   4.892500e-07   2.117980e-11   7.183150e-13   2.000000e-08
  85.00   5.276200e-07   2.929930e-12   6.234560e-14   4.873830e-07   2.008430e-11   9.760530e-13   2.000000e-08
  86.00   5.534410e-07   3.260300e-12   5.426820e-14   4.855230e-07   1.908810e-11   1.326270e-12   2.000000e-08
  87.00   5.860420e-07   3.672920e-12   4.723740e-14   4.836700e-07   1.814120e-11   1.780300e-12   2.000000e-08
  88.00   6.205630e-07   4.228610e-12   4.108340e-14   4.818250e-07   1.729250e-11   2.375690e-12   2.000000e-08
  89.00   6.571170e-07   4.868380e-12   3.571950e-14   4.799860e-07   1.648710e-11   3.228100e-12   2.000000e-08
  90.00   6.847550e-07   5.568190e-12   3.109910e-14   4.781540e-07   1.571920e-11   4.264070e-12   2.000000e-08
  91.00   7.046350e-07   6.335820e-12   2.733130e-14   4.775430e-07   1.509590e-11   5.231140e-12   2.000000e-08
  92.00   7.250910e-07   7.209250e-12   2.401990e-14   4.775430e-07   1.461010e-11   6.752640e-12   2.000000e-08
  93.00   7.475040e-07   8.286320e-12   2.103550e-14   4.775430e-07   1.414000e-11   9.175530e-12   2.000000e-08
  94.00   7.818250e-07   9.554950e-12   1.828900e-14   4.772980e-07   1.365030e-11   1.162280e-11   2.000000e-08
  95.00   8.177210e-07   1.101780e-11   1.590120e-14   4.754770e-07   1.313930e-11   1.432520e-11   2.000000e-08
  96.00   8.552650e-07   1.267070e-11   1.382510e-14   4.736620e-07   1.264740e-11   1.823570e-11   2.000000e-08
  97.00   8.906660e-07   1.453640e-11   1.202000e-14   4.718550e-07   1.240290e-11   2.384700e-11   2.000000e-08
  98.00   9.225950e-07   1.677150e-11   1.047960e-14   4.708030e-07   1.219440e-11   2.906030e-11   2.000000e-08
  99.00   9.556700e-07   1.953700e-11   9.275000e-15   4.708030e-07   1.198930e-11   3.532140e-11   2.000000e-08
 100.00   9.899300e-07   2.275850e-11   8.208850e-15   4.708030e-07   1.178760e-11   4.293150e-11   2.000000e-08
 101.00   1.025420e-06   2.651130e-11   7.265260e-15   4.708030e-07   1.158940e-11   5.218110e-11   2.000000e-08
 102.00   1.062180e-06   3.088280e-11   6.430140e-15   4.708030e-07   1.139450e-11   6.342370e-11   2.000000e-08
 103.00   1.100260e-06   3.597520e-11   5.691010e-15   4.708030e-07   1.120280e-11   7.708840e-11   2.000000e-08
 104.00   1.139700e-06   4.190730e-11   5.036840e-15   4.708030e-07   1.101440e-11   9.369730e-11   2.000000e-08
 105.00   1.180560e-06   4.881750e-11   4.457870e-15   4.708030e-07   1.082920e-11   1.138850e-10   2.000000e-08
 106.00   1.222880e-06   5.686730e-11   3.945450e-15   4.708030e-07   1.064700e-11   1.384210e-10   2.000000e-08
 107.00   1.266720e-06   6.624430e-11   3.491930e-15   4.708030e-07   1.046790e-11   1.682440e-10   2.000000e-08
 108.00   1.312140e-06   7.716760e-11   3.090540e-15   4.708030e-07   1.029190e-11   2.044930e-10   2.000000e-08
 109.00   1.359180e-06   8.989200e-11   2.735290e-15   4.708030e-07   1.011880e-11   2.485510e-10   2.000000e-08
 110.00   1.407900e-06   1.047150e-10   2.420870e-15   4.708030e-07   9.948600e-12   3.021020e-10   2.000000e-08
 111.00   1.458370e-06   1.219810e-10   2.142600e-15   4.708030e-07   9.781270e-12   3.671910e-10   2.000000e-08
 112.00   1.510660e-06   1.420950e-10   1.896310e-15   4.708030e-07   9.616760e-12   4.463030e-10   2.000000e-08
 113.00   1.564810e-06   1.655260e-10   1.678340e-15   4.708030e-07   9.455020e-12   5.424600e-10   2.000000e-08
 114.00   1.620910e-06   1.928200e-10   1.485420e-15   4.708030e-07   9.295990e-12   6.593340e-10   2.000000e-08
 115.00   1.679020e-06   2.246150e-10   1.314670e-15   4.708030e-07   9.139640e-12   8.013880e-10   2.000000e-08
 116.00   1.739210e-06   2.616530e-10   1.163550e-15   4.708030e-07   8.985920e-12   9.740490e-10   2.000000e-08
 117.00   1.801560e-06   3.047980e-10   1.029800e-15   4.708030e-07   8.834790e-12   1.183910e-09   2.000000e-08
 118.00   1.866150e-06   3.550570e-10   9.114310e-16   4.708030e-07   8.686200e-12   1.438990e-09   2.000000e-08
 119.00   1.933050e-06   4.136030e-10   8.066640e-16   4.708030e-07   8.540100e-12   1.749020e-09   2.000000e-08
 120.00   2.181019e-06   4.471139e-10   8.355018e-16   5.062349e-07   8.798229e-12   1.900869e-09   1.995380e-08
 121.00   2.430088e-06   4.775287e-10   8.553534e-16   5.378186e-07   8.959734e-12   2.040939e-09   1.968519e-08
 122.00   2.704110e-06   5.095779e-10   8.753149e-16   5.709159e-07   9.120939e-12   2.189350e-09   1.941960e-08
 123.00   3.005257e-06   5.433226e-10   8.953712e-16   6.055755e-07   9.281713e-12   2.346458e-09   1.915668e-08
 124.00   3.335848e-06   5.788287e-10   9.155134e-16   6.418486e-07   9.441945e-12   2.512669e-09   1.889649e-08
 125.00   3.698387e-06   6.161625e-10   9.357272e-16   6.797835e-07   9.601502e-12   2.688368e-09   1.863858e-08
 126.00   4.095556e-06   6.553904e-10   9.560030e-16   7.194313e-07   9.760291e-12   2.873967e-09   1.838288e-08
 127.00   4.530228e-06   6.965808e-10   9.763256e-16   7.608407e-07   9.918157e-12   3.069869e-09   1.812929e-08
 128.00   5.005445e-06   7.397972e-10   9.966770e-16   8.040582e-07   1.007499e-11   3.276486e-09   1.787748e-08
 129.00   5.524478e-06   7.851067e-10   1.017040e-15   8.491327e-07   1.023060e-11   3.494259e-09   1.762739e-08
 130.00   6.090795e-06   8.325773e-10   1.037409e-15   8.961082e-07   1.038479e-11   3.723587e-09   1.737889e-08
 131.00   6.708082e-06   8.822749e-10   1.057749e-15   9.450329e-07   1.053759e-11   3.964915e-09   1.713188e-08
 132.00   7.380276e-06   9.342646e-10   1.078049e-15   9.959465e-07   1.068859e-11   4.218668e-09   1.688609e-08
 133.00   8.111509e-06   9.886065e-10   1.098298e-15   1.048889e-06   1.083778e-11   4.485264e-09   1.664148e-08
 134.00   8.906213e-06   1.045369e-09   1.118459e-15   1.103909e-06   1.098499e-11   4.765166e-09   1.639799e-08
 135.00   9.769018e-06   1.104609e-09   1.138519e-15   1.161029e-06   1.112989e-11   5.058764e-09   1.615538e-08
 136.00   1.070489e-05   1.166389e-09   1.158449e-15   1.220298e-06   1.127239e-11   5.366484e-09   1.591368e-08
 137.00   1.171889e-05   1.230759e-09   1.178229e-15   1.281738e-06   1.141229e-11   5.688743e-09   1.567278e-08
 138.00   1.281668e-05   1.297778e-09   1.197839e-15   1.345378e-06   1.154939e-11   6.025953e-09   1.543248e-08
 139.00   1.400378e-05   1.367499e-09   1.217249e-15   1.411238e-06   1.168339e-11   6.378513e-09   1.519288e-08
 140.00   1.528628e-05   1.439958e-09   1.236428e-15   1.479348e-06   1.181428e-11   6.746789e-09   1.495378e-08
 141.00   1.667058e-05   1.515208e-09   1.255359e-15   1.549718e-06   1.194169e-11   7.131162e-09   1.471518e-08
 142.00   1.816306e-05   1.593287e-09   1.274007e-15   1.622367e-06   1.206538e-11   7.531985e-09   1.447697e-08
 143.00   1.977077e-05   1.674227e-09   1.292348e-15   1.697287e-06   1.218528e-11   7.949606e-09   1.423928e-08
 144.00   2.150085e-05   1.758056e-09   1.310347e-15   1.774486e-06   1.230097e-11   8.384292e-09   1.400177e-08
 145.00   2.336066e-05   1.844806e-09   1.327987e-15   1.853967e-06   1.241248e-11   8.836343e-09   1.376467e-08
 146.00   2.535804e-05   1.934485e-09   1.345227e-15   1.935706e-06   1.251937e-11   9.306029e-09   1.352787e-08
 147.00   2.750086e-05   2.027127e-09   1.362038e-15   2.019707e-06   1.262158e-11   9.793595e-09   1.329138e-08
 148.00   2.979754e-05   2.122695e-09   1.378397e-15   2.105925e-06   1.271867e-11   1.029918e-08   1.305517e-08
 149.00   3.225655e-05   2.221237e-09   1.394268e-15   2.194357e-06   1.281068e-11   1.082308e-08   1.281928e-08
 150.00   3.488659e-05   2.322703e-09   1.409626e-15   2.284943e-06   1.289726e-11   1.136527e-08   1.258376e-08
 151.00   3.769701e-05   2.427094e-09   1.424426e-15   2.377664e-06   1.297827e-11   1.192597e-08   1.234847e-08
 152.00   4.069687e-05   2.534382e-09   1.438665e-15   2.472452e-06   1.305346e-11   1.250516e-08   1.211356e-08
 153.00   4.389590e-05   2.644544e-09   1.452297e-15   2.569254e-06   1.312277e-11   1.310277e-08   1.187897e-08
 154.00   4.730345e-05   2.757521e-09   1.465285e-15   2.668021e-06   1.318576e-11   1.371896e-08   1.164496e-08
 155.00   5.092956e-05   2.873292e-09   1.477626e-15   2.768672e-06   1.324246e-11   1.435346e-08   1.141127e-08
 156.00   5.478448e-05   2.991773e-09   1.489277e-15   2.871123e-06   1.329267e-11   1.500627e-08   1.117827e-08
 157.00   5.887810e-05   3.112890e-09   1.500205e-15   2.975300e-06   1.333616e-11   1.567715e-08   1.094576e-08
 158.00   6.322107e-05   3.236599e-09   1.510395e-15   3.081109e-06   1.337275e-11   1.636584e-08   1.071396e-08
 159.00   6.782384e-05   3.362792e-09   1.519826e-15   3.188452e-06   1.340257e-11   1.707216e-08   1.048298e-08
 160.00   7.269666e-05   3.491379e-09   1.528465e-15   3.297229e-06   1.342525e-11   1.779574e-08   1.025277e-08
 161.00   7.785047e-05   3.622269e-09   1.536305e-15   3.407320e-06   1.344076e-11   1.853624e-08   1.002347e-08
 162.00   8.329557e-05   3.755335e-09   1.543314e-15   3.518596e-06   1.344895e-11   1.929302e-08   9.795261e-09
 163.00   8.904298e-05   3.890486e-09   1.549475e-15   3.630967e-06   1.344995e-11   2.006593e-08   9.568145e-09
 164.00   9.510323e-05   4.027574e-09   1.554784e-15   3.744276e-06   1.344345e-11   2.085412e-08   9.342265e-09
 165.00   1.014866e-04   4.166473e-09   1.559214e-15   3.858404e-06   1.342955e-11   2.165731e-08   9.117713e-09
 166.00   1.082045e-04   4.307041e-09   1.562763e-15   3.973202e-06   1.340814e-11   2.247470e-08   8.894610e-09
 167.00   1.152665e-04   4.449150e-09   1.565413e-15   4.088542e-06   1.337934e-11   2.330570e-08   8.673082e-09
 168.00   1.226836e-04   4.592633e-09   1.567164e-15   4.204265e-06   1.334315e-11   2.414951e-08   8.453230e-09
 169.00   1.304665e-04   4.737321e-09   1.568014e-15   4.320232e-06   1.329955e-11   2.500550e-08   8.235166e-09
 170.00   1.386244e-04   4.883079e-09   1.567933e-15   4.436291e-06   1.324854e-11   2.587279e-08   8.018985e-09
 171.00   1.471675e-04   5.029733e-09   1.566955e-15   4.552294e-06   1.319035e-11   2.675061e-08   7.804863e-09
 172.00   1.561062e-04   5.177074e-09   1.565052e-15   4.668067e-06   1.312483e-11   2.763806e-08   7.592832e-09
 173.00   1.654502e-04   5.324983e-09   1.562252e-15   4.783486e-06   1.305233e-11   2.853435e-08   7.383082e-09
 174.00   1.752091e-04   5.473261e-09   1.558532e-15   4.898384e-06   1.297293e-11   2.943854e-08   7.175691e-09
 175.00   1.853921e-04   5.621744e-09   1.553933e-15   5.012606e-06   1.288664e-11   3.034975e-08   6.970797e-09
 176.00   1.960080e-04   5.770241e-09   1.548442e-15   5.126004e-06   1.279354e-11   3.126694e-08   6.768476e-09
 177.00   2.070670e-04   5.918590e-09   1.542072e-15   5.238433e-06   1.269404e-11   3.218924e-08   6.568847e-09
 178.00   2.185780e-04   6.066613e-09   1.534843e-15   5.349746e-06   1.258824e-11   3.311575e-08   6.372011e-09
 179.00   2.305489e-04   6.214130e-09   1.526763e-15   5.459783e-06   1.247624e-11   3.404543e-08   6.178060e-09
 180.00   2.429895e-04   6.360950e-09   1.517861e-15   5.568415e-06   1.235832e-11   3.497728e-08   5.987083e-09
 181.00   2.559077e-04   6.506927e-09   1.508142e-15   5.675532e-06   1.223464e-11   3.591042e-08   5.799161e-09
 182.00   2.693134e-04   6.651891e-09   1.497641e-15   5.780956e-06   1.210543e-11   3.684388e-08   5.614377e-09
 183.00   2.832123e-04   6.795691e-09   1.486371e-15   5.884605e-06   1.197093e-11   3.777678e-08   5.432819e-09
 184.00   2.976164e-04   6.938161e-09   1.474362e-15   5.986326e-06   1.183143e-11   3.870798e-08   5.254531e-09
 185.00   3.125319e-04   7.079133e-09   1.461630e-15   6.086020e-06   1.168712e-11   3.963674e-08   5.079567e-09
 186.00   3.279700e-04   7.218476e-09   1.448201e-15   6.183582e-06   1.153833e-11   4.056236e-08   4.908020e-09
 187.00   3.439377e-04   7.356051e-09   1.434110e-15   6.278908e-06   1.138512e-11   4.148372e-08   4.739898e-09
 188.00   3.604456e-04   7.491719e-09   1.419380e-15   6.371897e-06   1.122792e-11   4.240031e-08   4.575249e-09
 189.00   3.775037e-04   7.625394e-09   1.404031e-15   6.462471e-06   1.106693e-11   4.331104e-08   4.414094e-09
 190.00   3.951193e-04   7.756867e-09   1.388090e-15   6.550515e-06   1.090242e-11   4.421510e-08   4.256481e-09
 191.00   4.133002e-04   7.886057e-09   1.371601e-15   6.635965e-06   1.073463e-11   4.511169e-08   4.102452e-09
 192.00   4.133002e-04   7.886057e-09   1.371601e-15   6.635965e-06   1.073463e-11   4.511169e-08   4.102452e-09
 193.00   4.320402e-04   8.012738e-09   1.354611e-15   6.718666e-06   1.056403e-11   4.599940e-08   3.952154e-09
 194.00   4.513591e-04   8.136879e-09   1.337122e-15   6.798617e-06   1.039083e-11   4.687811e-08   3.805486e-09
 195.00   4.712624e-04   8.258347e-09   1.319170e-15   6.875728e-06   1.021512e-11   4.774683e-08   3.662472e-09
 196.00   4.917578e-04   8.377075e-09   1.300811e-15   6.949965e-06   1.003733e-11   4.860498e-08   3.523167e-09
 197.00   5.128485e-04   8.492912e-09   1.282051e-15   7.021232e-06   9.857723e-12   4.945146e-08   3.387567e-09
 198.00   5.345395e-04   8.605803e-09   1.262932e-15   7.089503e-06   9.676596e-12   5.028597e-08   3.255669e-09
 199.00   5.568382e-04   8.715631e-09   1.243502e-15   7.154732e-06   9.494196e-12   5.110755e-08   3.127479e-09
 200.00   5.797512e-04   8.822341e-09   1.223782e-15   7.216882e-06   9.310807e-12   5.191575e-08   3.002990e-09
 201.00   6.032804e-04   8.925843e-09   1.203811e-15   7.275935e-06   9.126701e-12   5.270971e-08   2.882178e-09
 202.00   6.274355e-04   9.026085e-09   1.183612e-15   7.331878e-06   8.942146e-12   5.348922e-08   2.765020e-09
 203.00   6.522181e-04   9.123030e-09   1.163231e-15   7.384674e-06   8.757333e-12   5.425358e-08   2.651490e-09
 204.00   6.776364e-04   9.216637e-09   1.142682e-15   7.434349e-06   8.572602e-12   5.500253e-08   2.541563e-09
 205.00   7.036951e-04   9.306836e-09   1.122012e-15   7.480878e-06   8.388122e-12   5.573552e-08   2.435193e-09
 206.00   7.303983e-04   9.393617e-09   1.101241e-15   7.524262e-06   8.204096e-12   5.645206e-08   2.332332e-09
 207.00   7.577540e-04   9.476958e-09   1.080403e-15   7.564570e-06   8.020797e-12   5.715233e-08   2.232945e-09
 208.00   7.857657e-04   9.556834e-09   1.059522e-15   7.601759e-06   7.838408e-12   5.783534e-08   2.136973e-09
 209.00   8.144420e-04   9.633259e-09   1.038632e-15   7.635894e-06   7.657123e-12   5.850137e-08   2.044355e-09
 210.00   8.437859e-04   9.706190e-09   1.017753e-15   7.666985e-06   7.477126e-12   5.914997e-08   1.955026e-09
 211.00   8.738053e-04   9.775705e-09   9.969163e-16   7.695080e-06   7.298594e-12   5.978094e-08   1.868936e-09
 212.00   9.045035e-04   9.841759e-09   9.761369e-16   7.720186e-06   7.121670e-12   6.039419e-08   1.786015e-09
 213.00   9.358901e-04   9.904357e-09   9.554449e-16   7.742383e-06   6.946549e-12   6.098965e-08   1.706187e-09
 214.00   9.679687e-04   9.963546e-09   9.348541e-16   7.761691e-06   6.773319e-12   6.156723e-08   1.629378e-09
 215.00   1.000752e-03   1.001932e-08   9.143925e-16   7.778166e-06   6.602156e-12   6.212699e-08   1.555527e-09
 216.00   1.034232e-03   1.007182e-08   8.940750e-16   7.791879e-06   6.433159e-12   6.266891e-08   1.484558e-09
 217.00   1.068432e-03   1.012092e-08   8.739201e-16   7.802868e-06   6.266450e-12   6.319270e-08   1.416389e-09
 218.00   1.103361e-03   1.016682e-08   8.539464e-16   7.811189e-06   6.102123e-12   6.369881e-08   1.350940e-09
 219.00   1.139011e-03   1.020942e-08   8.341685e-16   7.816899e-06   5.940244e-12   6.418690e-08   1.288150e-09
 220.00   1.175401e-03   1.024892e-08   8.146006e-16   7.820068e-06   5.780934e-12   6.465739e-08   1.227920e-09
 221.00   1.212530e-03   1.028522e-08   7.952557e-16   7.820759e-06   5.624246e-12   6.511029e-08   1.170191e-09
 222.00   1.250410e-03   1.031832e-08   7.761451e-16   7.819030e-06   5.470238e-12   6.554550e-08   1.114871e-09
 223.00   1.289059e-03   1.034851e-08   7.572807e-16   7.814924e-06   5.318946e-12   6.596355e-08   1.061901e-09
 224.00   1.328469e-03   1.037571e-08   7.386729e-16   7.808544e-06   5.170447e-12   6.636434e-08   1.011182e-09
 225.00   1.368659e-03   1.039981e-08   7.203311e-16   7.799926e-06   5.024779e-12   6.674815e-08   9.626511e-10
 226.00   1.409639e-03   1.042122e-08   7.022604e-16   7.789148e-06   4.881961e-12   6.711487e-08   9.162276e-10
 227.00   1.451408e-03   1.043962e-08   6.844724e-16   7.776257e-06   4.742001e-12   6.746475e-08   8.718399e-10
 228.00   1.493988e-03   1.045541e-08   6.669695e-16   7.761326e-06   4.604951e-12   6.779823e-08   8.294140e-10
 229.00   1.537377e-03   1.046841e-08   6.497597e-16   7.744427e-06   4.470783e-12   6.811554e-08   7.888795e-10
 230.00   1.581598e-03   1.047872e-08   6.328442e-16   7.725621e-06   4.339537e-12   6.841668e-08   7.501633e-10
 231.00   1.626657e-03   1.048652e-08   6.162302e-16   7.704970e-06   4.211187e-12   6.870197e-08   7.131994e-10
 232.00   1.672547e-03   1.049172e-08   5.999175e-16   7.682523e-06   4.085739e-12   6.897138e-08   6.779149e-10
 233.00   1.719297e-03   1.049442e-08   5.839107e-16   7.658355e-06   3.963191e-12   6.922539e-08   6.442503e-10
 234.00   1.766916e-03   1.049482e-08   5.682116e-16   7.632520e-06   3.843500e-12   6.946406e-08   6.121363e-10
 235.00   1.815407e-03   1.049282e-08   5.528210e-16   7.605075e-06   3.726663e-12   6.968779e-08   5.815148e-10
 236.00   1.864775e-03   1.048842e-08   5.377377e-16   7.576069e-06   3.612661e-12   6.989654e-08   5.523216e-10
 237.00   1.915055e-03   1.048182e-08   5.229638e-16   7.545580e-06   3.501452e-12   7.009094e-08   5.244998e-10
 238.00   1.966235e-03   1.047302e-08   5.084962e-16   7.513654e-06   3.393044e-12   7.027077e-08   4.979903e-10
 239.00   2.018336e-03   1.046213e-08   4.943374e-16   7.480337e-06   3.287356e-12   7.043629e-08   4.727366e-10
 240.00   2.071364e-03   1.044902e-08   4.804834e-16   7.445684e-06   3.184386e-12   7.058816e-08   4.486886e-10
 241.00   2.125344e-03   1.043392e-08   4.669316e-16   7.409746e-06   3.084077e-12   7.072617e-08   4.257919e-10
 242.00   2.180265e-03   1.041693e-08   4.536808e-16   7.372558e-06   2.986419e-12   7.085040e-08   4.039952e-10
 243.00   2.236153e-03   1.039792e-08   4.407286e-16   7.334184e-06   2.891338e-12   7.096146e-08   3.832521e-10
 244.00   2.293023e-03   1.037702e-08   4.280728e-16   7.294665e-06   2.798799e-12   7.105947e-08   3.635163e-10
 245.00   2.350874e-03   1.035423e-08   4.157092e-16   7.254061e-06   2.708772e-12   7.114452e-08   3.447417e-10
 246.00   2.409732e-03   1.032972e-08   4.036340e-16   7.212376e-06   2.621200e-12   7.121667e-08   3.268835e-10
 247.00   2.469593e-03   1.030343e-08   3.918453e-16   7.169681e-06   2.536043e-12   7.127612e-08   3.099029e-10
 248.00   2.530491e-03   1.027532e-08   3.803381e-16   7.126006e-06   2.453241e-12   7.132325e-08   2.937577e-10
 249.00   2.592410e-03   1.024562e-08   3.691102e-16   7.081387e-06   2.372762e-12   7.135797e-08   2.784109e-10
 250.00   2.655381e-03   1.021423e-08   3.581545e-16   7.035881e-06   2.294564e-12   7.138070e-08   2.638251e-10
 300.00   1.270000e-02   1.020000e-08   7.510000e-17   6.430001e-06   4.320000e-13   7.900000e-08   9.380000e-12
