 z(km)    T(K)      p(mb)         NT(cm-3)        CO2VMR         ARVMR         N2VMR         O2VMR          COVMR          O3PVMR         H2VMR 
   0   210.000   0.600000E+01   0.209686E+18   0.953200E+00   0.160000E-01   0.270000E-01   0.130000E-02   0.800000E-03   0.200000E-11   0.150000E-04
   1   208.733   0.547557E+01   0.192520E+18   0.953200E+00   0.160000E-01   0.270000E-01   0.130000E-02   0.800000E-03   0.200000E-11   0.150000E-04
   2   207.467   0.499446E+01   0.176675E+18   0.953200E+00   0.160000E-01   0.270000E-01   0.130000E-02   0.800000E-03   0.200000E-11   0.150000E-04
   3   206.114   0.455312E+01   0.162121E+18   0.953200E+00   0.160000E-01   0.270000E-01   0.130000E-02   0.800000E-03   0.200000E-11   0.150000E-04
   4   204.752   0.414845E+01   0.148694E+18   0.953200E+00   0.160000E-01   0.270000E-01   0.130000E-02   0.800000E-03   0.200000E-11   0.150000E-04
   5   203.333   0.377751E+01   0.136343E+18   0.953200E+00   0.160000E-01   0.270000E-01   0.130000E-02   0.800000E-03   0.200000E-11   0.150000E-04
   6   201.857   0.343756E+01   0.124981E+18   0.953200E+00   0.160000E-01   0.270000E-01   0.130000E-02   0.800000E-03   0.200000E-11   0.150000E-04
   7   200.329   0.312614E+01   0.114525E+18   0.953200E+00   0.160000E-01   0.270000E-01   0.130000E-02   0.800000E-03   0.200000E-11   0.150000E-04
   8   198.767   0.284097E+01   0.104896E+18   0.953200E+00   0.160000E-01   0.270000E-01   0.130000E-02   0.800000E-03   0.200000E-11   0.150000E-04
   9   197.181   0.257997E+01   0.960256E+17   0.953200E+00   0.160000E-01   0.270000E-01   0.130000E-02   0.800000E-03   0.200000E-11   0.150000E-04
  10   195.590   0.234125E+01   0.878493E+17   0.953200E+00   0.160000E-01   0.270000E-01   0.130000E-02   0.800000E-03   0.200000E-11   0.150000E-04
  11   194.010   0.212306E+01   0.803110E+17   0.953200E+00   0.160000E-01   0.270000E-01   0.130000E-02   0.800000E-03   0.200000E-11   0.150000E-04
  12   192.462   0.192380E+01   0.733588E+17   0.953200E+00   0.160000E-01   0.270000E-01   0.130000E-02   0.800000E-03   0.200000E-10   0.150000E-04
  13   190.957   0.174199E+01   0.669495E+17   0.953200E+00   0.160000E-01   0.270000E-01   0.130000E-02   0.800000E-03   0.200000E-10   0.150000E-04
  14   189.500   0.157625E+01   0.610455E+17   0.953200E+00   0.160000E-01   0.270000E-01   0.130000E-02   0.800000E-03   0.200000E-10   0.150000E-04
  15   188.095   0.142530E+01   0.556118E+17   0.953200E+00   0.160000E-01   0.270000E-01   0.130000E-02   0.800000E-03   0.200000E-10   0.150000E-04
  16   186.752   0.128795E+01   0.506142E+17   0.953200E+00   0.160000E-01   0.270000E-01   0.130000E-02   0.800000E-03   0.200000E-10   0.150000E-04
  17   185.481   0.116310E+01   0.460209E+17   0.953200E+00   0.160000E-01   0.270000E-01   0.130000E-02   0.800000E-03   0.200000E-10   0.150000E-04
  18   184.290   0.104972E+01   0.418033E+17   0.953200E+00   0.160000E-01   0.270000E-01   0.130000E-02   0.800000E-03   0.200000E-10   0.150000E-04
  19   183.181   0.946867E+00   0.379355E+17   0.953200E+00   0.160000E-01   0.270000E-01   0.130000E-02   0.800000E-03   0.200000E-10   0.150000E-04
  20   182.162   0.853648E+00   0.343920E+17   0.953200E+00   0.160000E-01   0.270000E-01   0.130000E-02   0.800000E-03   0.200000E-10   0.150000E-04
  21   181.233   0.769244E+00   0.311504E+17   0.953200E+00   0.160000E-01   0.270000E-01   0.130000E-02   0.800000E-03   0.200000E-10   0.150000E-04
  22   180.395   0.692893E+00   0.281889E+17   0.953200E+00   0.160000E-01   0.270000E-01   0.130000E-02   0.800000E-03   0.200000E-10   0.150000E-04
  23   179.638   0.623884E+00   0.254884E+17   0.953200E+00   0.160000E-01   0.270000E-01   0.130000E-02   0.800000E-03   0.200000E-10   0.150000E-04
  24   178.952   0.561557E+00   0.230300E+17   0.953200E+00   0.160000E-01   0.270000E-01   0.130000E-02   0.800000E-03   0.200000E-09   0.150000E-04
  25   178.329   0.505301E+00   0.207953E+17   0.953200E+00   0.160000E-01   0.270000E-01   0.130000E-02   0.800000E-03   0.200000E-09   0.150000E-04
  26   177.757   0.454555E+00   0.187671E+17   0.953200E+00   0.160000E-01   0.270000E-01   0.130000E-02   0.800000E-03   0.200000E-09   0.150000E-04
  27   177.219   0.408800E+00   0.169292E+17   0.953200E+00   0.160000E-01   0.270000E-01   0.130000E-02   0.800000E-03   0.200000E-09   0.150000E-04
  28   176.705   0.367559E+00   0.152656E+17   0.953200E+00   0.160000E-01   0.270000E-01   0.130000E-02   0.800000E-03   0.200000E-09   0.150000E-04
  29   176.200   0.330399E+00   0.137616E+17   0.953200E+00   0.160000E-01   0.270000E-01   0.130000E-02   0.800000E-03   0.200000E-09   0.150000E-04
  30   175.700   0.296924E+00   0.124025E+17   0.953200E+00   0.160000E-01   0.270000E-01   0.130000E-02   0.800000E-03   0.200000E-09   0.150000E-04
  31   175.200   0.266776E+00   0.111751E+17   0.953200E+00   0.160000E-01   0.270000E-01   0.130000E-02   0.800000E-03   0.200000E-09   0.150000E-04
  32   174.696   0.239630E+00   0.100669E+17   0.953200E+00   0.160000E-01   0.270000E-01   0.130000E-02   0.800000E-03   0.200000E-09   0.150000E-04
  33   174.185   0.215193E+00   0.906679E+16   0.953200E+00   0.160000E-01   0.270000E-01   0.130000E-02   0.800000E-03   0.200000E-09   0.150000E-04
  34   173.662   0.193197E+00   0.816453E+16   0.953200E+00   0.160000E-01   0.270000E-01   0.130000E-02   0.800000E-03   0.200000E-09   0.150000E-04
  35   173.128   0.173402E+00   0.735062E+16   0.953200E+00   0.160000E-01   0.270000E-01   0.130000E-02   0.800000E-03   0.200000E-09   0.150000E-04
  36   172.582   0.155592E+00   0.661652E+16   0.953200E+00   0.160000E-01   0.270000E-01   0.130000E-02   0.800000E-03   0.200000E-09   0.150000E-04
  37   172.019   0.139571E+00   0.595465E+16   0.953200E+00   0.160000E-01   0.270000E-01   0.130000E-02   0.800000E-03   0.200000E-09   0.150000E-04
  38   171.433   0.125161E+00   0.535812E+16   0.953200E+00   0.160000E-01   0.270000E-01   0.130000E-02   0.800000E-03   0.200000E-09   0.150000E-04
  39   170.823   0.112202E+00   0.482051E+16   0.953200E+00   0.160000E-01   0.270000E-01   0.130000E-02   0.800000E-03   0.200000E-09   0.150000E-04
  40   170.191   0.100551E+00   0.433598E+16   0.953200E+00   0.160000E-01   0.270000E-01   0.130000E-02   0.800000E-03   0.200000E-09   0.150000E-04
  41   169.543   0.900775E-01   0.389918E+16   0.953200E+00   0.160000E-01   0.270000E-01   0.130000E-02   0.800000E-03   0.200000E-09   0.150000E-04
  42   168.882   0.806654E-01   0.350543E+16   0.953200E+00   0.160000E-01   0.270000E-01   0.130000E-02   0.800000E-03   0.200000E-09   0.150000E-04
  43   168.213   0.722097E-01   0.315045E+16   0.953200E+00   0.160000E-01   0.270000E-01   0.130000E-02   0.800000E-03   0.200000E-09   0.150000E-04
  44   167.548   0.646162E-01   0.283034E+16   0.953200E+00   0.160000E-01   0.270000E-01   0.130000E-02   0.800000E-03   0.200000E-09   0.150000E-04
  45   166.890   0.577996E-01   0.254174E+16   0.953200E+00   0.160000E-01   0.270000E-01   0.130000E-02   0.800000E-03   0.200000E-09   0.150000E-04
  46   166.248   0.516832E-01   0.228155E+16   0.953200E+00   0.160000E-01   0.270000E-01   0.130000E-02   0.800000E-03   0.200000E-09   0.150000E-04
  47   165.605   0.461970E-01   0.204728E+16   0.953200E+00   0.160000E-01   0.270000E-01   0.130000E-02   0.800000E-03   0.200000E-09   0.150000E-04
  48   164.950   0.412775E-01   0.183653E+16   0.953200E+00   0.160000E-01   0.270000E-01   0.130000E-02   0.800000E-03   0.200000E-09   0.150000E-04
  49   164.262   0.368669E-01   0.164716E+16   0.953200E+00   0.160000E-01   0.270000E-01   0.130000E-02   0.800000E-03   0.200000E-09   0.150000E-04
  50   163.538   0.329133E-01   0.147703E+16   0.953200E+00   0.160000E-01   0.270000E-01   0.130000E-02   0.800000E-03   0.200000E-09   0.150000E-04
  51   162.773   0.293700E-01   0.132421E+16   0.953200E+00   0.160000E-01   0.270000E-01   0.130000E-02   0.800000E-03   0.200000E-09   0.150000E-04
  52   161.966   0.261950E-01   0.118695E+16   0.953200E+00   0.160000E-01   0.270000E-01   0.130000E-02   0.800000E-03   0.200000E-09   0.150000E-04
  53   161.118   0.233507E-01   0.106363E+16   0.953200E+00   0.160000E-01   0.270000E-01   0.130000E-02   0.800000E-03   0.200000E-09   0.150000E-04
  54   160.243   0.208036E-01   0.952787E+15   0.953200E+00   0.160000E-01   0.270000E-01   0.130000E-02   0.800000E-03   0.200000E-09   0.150000E-04
  55   159.353   0.185236E-01   0.853105E+15   0.953200E+00   0.160000E-01   0.270000E-01   0.130000E-02   0.800000E-03   0.200000E-09   0.150000E-04
  56   158.464   0.164839E-01   0.763424E+15   0.953200E+00   0.160000E-01   0.270000E-01   0.130000E-02   0.800000E-03   0.200000E-09   0.150000E-04
  57   157.575   0.146601E-01   0.682790E+15   0.953200E+00   0.160000E-01   0.270000E-01   0.130000E-02   0.800000E-03   0.200000E-08   0.150000E-04
  58   156.685   0.130303E-01   0.610331E+15   0.953200E+00   0.160000E-01   0.270000E-01   0.130000E-02   0.800000E-03   0.200000E-08   0.150000E-04
  59   155.796   0.115748E-01   0.545246E+15   0.953200E+00   0.160000E-01   0.270000E-01   0.130000E-02   0.800000E-03   0.200000E-08   0.150000E-04
  60   154.907   0.102755E-01   0.486820E+15   0.953200E+00   0.160000E-01   0.270000E-01   0.130000E-02   0.800000E-03   0.200000E-08   0.150000E-04
  61   154.017   0.911644E-02   0.434404E+15   0.953200E+00   0.160000E-01   0.270000E-01   0.130000E-02   0.800000E-03   0.200000E-08   0.150000E-04
  62   153.178   0.808338E-02   0.387287E+15   0.953200E+00   0.160000E-01   0.270000E-01   0.130000E-02   0.800000E-03   0.200000E-07   0.150000E-04
  63   152.440   0.716371E-02   0.344886E+15   0.953200E+00   0.160000E-01   0.270000E-01   0.130000E-02   0.800000E-03   0.200000E-07   0.150000E-04
  64   151.854   0.634617E-02   0.306706E+15   0.953200E+00   0.160000E-01   0.270000E-01   0.130000E-02   0.800000E-03   0.200000E-07   0.150000E-04
  65   151.418   0.562036E-02   0.272410E+15   0.953200E+00   0.160000E-01   0.270000E-01   0.130000E-02   0.800000E-03   0.200000E-07   0.150000E-04
  66   151.134   0.497677E-02   0.241670E+15   0.953200E+00   0.160000E-01   0.270000E-01   0.130000E-02   0.800000E-03   0.200000E-07   0.150000E-04
  67   151.002   0.440673E-02   0.214176E+15   0.953200E+00   0.160000E-01   0.270000E-01   0.130000E-02   0.800000E-03   0.200000E-06   0.150000E-04
  68   151.009   0.390227E-02   0.189649E+15   0.953200E+00   0.160000E-01   0.270000E-01   0.130000E-02   0.800000E-03   0.200000E-06   0.150000E-04
  69   151.063   0.345596E-02   0.167899E+15   0.953200E+00   0.160000E-01   0.270000E-01   0.130000E-02   0.800000E-03   0.200000E-06   0.150000E-04
  70   151.076   0.306093E-02   0.148695E+15   0.953200E+00   0.160000E-01   0.270000E-01   0.130000E-02   0.800000E-03   0.200000E-06   0.150000E-04
  71   150.970   0.271102E-02   0.131789E+15   0.953200E+00   0.160000E-01   0.270000E-01   0.130000E-02   0.800000E-03   0.200000E-06   0.150000E-04
  72   150.746   0.240085E-02   0.116884E+15   0.953200E+00   0.160000E-01   0.270000E-01   0.130000E-02   0.800000E-03   0.200000E-06   0.150000E-04
  73   150.404   0.212572E-02   0.103725E+15   0.953200E+00   0.160000E-01   0.270000E-01   0.130000E-02   0.800000E-03   0.200000E-06   0.150000E-04
  74   149.943   0.188155E-02   0.920930E+14   0.953200E+00   0.160000E-01   0.270000E-01   0.130000E-02   0.800000E-03   0.200000E-05   0.150000E-04
  75   149.377   0.166478E-02   0.817917E+14   0.953200E+00   0.160000E-01   0.270000E-01   0.130000E-02   0.800000E-03   0.200000E-05   0.150000E-04
  76   148.744   0.147231E-02   0.726437E+14   0.953200E+00   0.160000E-01   0.270000E-01   0.130000E-02   0.800000E-03   0.200000E-05   0.150000E-04
  77   148.068   0.130146E-02   0.645072E+14   0.953200E+00   0.160000E-01   0.270000E-01   0.130000E-02   0.800000E-03   0.200000E-05   0.150000E-04
  78   147.355   0.114984E-02   0.572675E+14   0.953200E+00   0.160000E-01   0.270000E-01   0.130000E-02   0.800000E-03   0.200000E-05   0.150000E-04
  79   146.590   0.101529E-02   0.508303E+14   0.953200E+00   0.160000E-01   0.270000E-01   0.130000E-02   0.800000E-03   0.200000E-05   0.150000E-04
  80   145.787   0.895937E-03   0.451020E+14   0.953200E+00   0.160000E-01   0.270000E-01   0.130000E-02   0.800000E-03   0.200000E-05   0.150000E-04
  81   144.970   0.790116E-03   0.399990E+14   0.953200E+00   0.160000E-01   0.270000E-01   0.130000E-02   0.800000E-03   0.200000E-05   0.150000E-04
  82   144.165   0.696355E-03   0.354493E+14   0.953200E+00   0.160000E-01   0.270000E-01   0.130000E-02   0.800000E-03   0.200000E-05   0.150000E-04
  83   143.378   0.613340E-03   0.313946E+14   0.953200E+00   0.160000E-01   0.270000E-01   0.130000E-02   0.800000E-03   0.200000E-05   0.150000E-04
  84   142.627   0.539900E-03   0.277810E+14   0.953200E+00   0.160000E-01   0.270000E-01   0.130000E-02   0.800000E-03   0.200000E-04   0.150000E-04
  85   141.931   0.474992E-03   0.245610E+14   0.953200E+00   0.160000E-01   0.270000E-01   0.130000E-02   0.800000E-03   0.200000E-04   0.150000E-04
  86   141.307   0.417682E-03   0.216929E+14   0.953200E+00   0.160000E-01   0.270000E-01   0.130000E-02   0.800000E-03   0.200000E-04   0.150000E-04
  87   140.738   0.367122E-03   0.191442E+14   0.953200E+00   0.160000E-01   0.270000E-01   0.130000E-02   0.800000E-03   0.200000E-04   0.150000E-04
  88   140.200   0.322548E-03   0.168843E+14   0.953200E+00   0.160000E-01   0.270000E-01   0.130000E-02   0.800000E-03   0.200000E-04   0.150000E-04
  89   139.670   0.283267E-03   0.148843E+14   0.953200E+00   0.160000E-01   0.270000E-01   0.130000E-02   0.800000E-03   0.200000E-04   0.150000E-04
  90   139.140   0.248666E-03   0.131160E+14   0.953200E+00   0.160000E-01   0.270000E-01   0.130000E-02   0.800000E-03   0.200000E-04   0.150000E-04
  91   138.610   0.218199E-03   0.115530E+14   0.953200E+00   0.160000E-01   0.270000E-01   0.130000E-02   0.800000E-03   0.200000E-04   0.150000E-04
  92   138.085   0.191384E-03   0.101717E+14   0.953200E+00   0.160000E-01   0.270000E-01   0.130000E-02   0.800000E-03   0.200000E-04   0.150000E-04
  93   137.571   0.167795E-03   0.895134E+13   0.953200E+00   0.160000E-01   0.270000E-01   0.130000E-02   0.800000E-03   0.200000E-04   0.150000E-04
  94   137.074   0.147054E-03   0.787333E+13   0.953200E+00   0.160000E-01   0.270000E-01   0.130000E-02   0.800000E-03   0.200000E-03   0.150000E-04
  95   136.594   0.128827E-03   0.692169E+13   0.953200E+00   0.160000E-01   0.270000E-01   0.130000E-02   0.800000E-03   0.200000E-03   0.150000E-04
  96   136.130   0.112817E-03   0.608216E+13   0.953200E+00   0.160000E-01   0.270000E-01   0.130000E-02   0.800000E-03   0.200000E-03   0.150000E-04
  97   135.698   0.987624E-04   0.534140E+13   0.953200E+00   0.160000E-01   0.270000E-01   0.130000E-02   0.800000E-03   0.200000E-03   0.150000E-04
  98   135.312   0.864326E-04   0.468790E+13   0.953200E+00   0.160000E-01   0.270000E-01   0.130000E-02   0.800000E-03   0.200000E-03   0.150000E-04
  99   134.982   0.756232E-04   0.411165E+13   0.953200E+00   0.160000E-01   0.270000E-01   0.130000E-02   0.800000E-03   0.200000E-03   0.150000E-04
 100   134.702   0.661523E-04   0.360419E+13   0.953200E+00   0.160000E-01   0.270000E-01   0.130000E-02   0.800000E-03   0.200000E-03   0.150000E-04
 101   134.466   0.578584E-04   0.315784E+13   0.953200E+00   0.160000E-01   0.270000E-01   0.130000E-02   0.800000E-03   0.200000E-03   0.150000E-04
 102   134.275   0.505986E-04   0.276554E+13   0.953200E+00   0.160000E-01   0.270000E-01   0.130000E-02   0.800000E-03   0.200000E-03   0.150000E-04
 103   134.162   0.442481E-04   0.242048E+13   0.953200E+00   0.160000E-01   0.270000E-01   0.130000E-02   0.800000E-03   0.200000E-03   0.150000E-04
 104   134.211   0.386995E-04   0.211619E+13   0.953200E+00   0.160000E-01   0.270000E-01   0.130000E-02   0.800000E-03   0.200000E-02   0.150000E-04
 105   134.509   0.338594E-04   0.184741E+13   0.953200E+00   0.160000E-01   0.270000E-01   0.130000E-02   0.800000E-03   0.200000E-02   0.150000E-04
 106   135.108   0.296444E-04   0.161027E+13   0.953200E+00   0.160000E-01   0.270000E-01   0.130000E-02   0.800000E-03   0.200000E-02   0.150000E-04
 107   135.912   0.259765E-04   0.140268E+13   0.953200E+00   0.160000E-01   0.270000E-01   0.130000E-02   0.800000E-03   0.200000E-02   0.150000E-04
 108   136.920   0.227863E-04   0.122136E+13   0.953200E+00   0.160000E-01   0.270000E-01   0.130000E-02   0.800000E-03   0.200000E-02   0.150000E-04
 109   138.129   0.200122E-04   0.106328E+13   0.953200E+00   0.160000E-01   0.270000E-01   0.130000E-02   0.800000E-03   0.200000E-02   0.150000E-04
 110   139.593   0.176012E-04   0.925370E+12   0.953200E+00   0.160000E-01   0.270000E-01   0.130000E-02   0.800000E-03   0.200000E-02   0.150000E-04
 111   141.208   0.155045E-04   0.805815E+12   0.953200E+00   0.160000E-01   0.270000E-01   0.130000E-02   0.800000E-03   0.200000E-02   0.150000E-04
 112   142.864   0.136786E-04   0.702678E+12   0.953200E+00   0.160000E-01   0.270000E-01   0.130000E-02   0.800000E-03   0.200000E-02   0.150000E-04
 113   144.488   0.120856E-04   0.613867E+12   0.953200E+00   0.160000E-01   0.270000E-01   0.130000E-02   0.800000E-03   0.200000E-02   0.150000E-04
 114   146.170   0.106941E-04   0.536938E+12   0.953200E+00   0.160000E-01   0.270000E-01   0.130000E-02   0.800000E-03   0.200000E-01   0.150000E-04
 115   147.906   0.947710E-05   0.470248E+12   0.953200E+00   0.160000E-01   0.270000E-01   0.130000E-02   0.800000E-03   0.200000E-01   0.150000E-04
 116   149.694   0.841127E-05   0.412377E+12   0.953200E+00   0.160000E-01   0.270000E-01   0.130000E-02   0.800000E-03   0.200000E-01   0.150000E-04
 117   151.440   0.747609E-05   0.362302E+12   0.953200E+00   0.160000E-01   0.270000E-01   0.130000E-02   0.800000E-03   0.200000E-01   0.150000E-04
 118   153.145   0.665405E-05   0.318875E+12   0.953200E+00   0.160000E-01   0.270000E-01   0.130000E-02   0.800000E-03   0.200000E-01   0.150000E-04
 119   154.813   0.593022E-05   0.281126E+12   0.953200E+00   0.160000E-01   0.270000E-01   0.130000E-02   0.800000E-03   0.200000E-01   0.150000E-04
 120   156.445   0.522795E-05   0.245249E+12   0.961226E+00   0.161347E-01   0.284175E-01   0.104130E-02   0.842001E-03   0.217364E-01   0.453732E-04
 121   158.043   0.466734E-05   0.216736E+12   0.958375E+00   0.160869E-01   0.295582E-01   0.107170E-02   0.875799E-03   0.233382E-01   0.508230E-04
 122   159.609   0.417248E-05   0.191855E+12   0.955395E+00   0.160369E-01   0.307269E-01   0.110247E-02   0.910425E-03   0.250352E-01   0.568508E-04
 123   161.144   0.373497E-05   0.170102E+12   0.952286E+00   0.159847E-01   0.319235E-01   0.113359E-02   0.945882E-03   0.268318E-01   0.635102E-04
 124   162.651   0.334760E-05   0.151047E+12   0.949040E+00   0.159302E-01   0.331481E-01   0.116505E-02   0.982168E-03   0.287324E-01   0.708594E-04
 125   164.131   0.300413E-05   0.134328E+12   0.945655E+00   0.158733E-01   0.344007E-01   0.119685E-02   0.101928E-02   0.307416E-01   0.789608E-04
 126   165.584   0.269918E-05   0.119633E+12   0.942124E+00   0.158141E-01   0.356811E-01   0.122896E-02   0.105722E-02   0.328639E-01   0.878819E-04
 127   167.014   0.242805E-05   0.106694E+12   0.938443E+00   0.157523E-01   0.369891E-01   0.126136E-02   0.109597E-02   0.351040E-01   0.976952E-04
 128   168.420   0.218669E-05   0.952863E+11   0.934609E+00   0.156879E-01   0.383245E-01   0.129404E-02   0.113554E-02   0.374667E-01   0.108478E-03
 129   169.804   0.197156E-05   0.852116E+11   0.930614E+00   0.156209E-01   0.396870E-01   0.132697E-02   0.117591E-02   0.399568E-01   0.120315E-03
 130   171.167   0.177958E-05   0.763015E+11   0.926458E+00   0.155511E-01   0.410762E-01   0.136013E-02   0.121707E-02   0.425792E-01   0.133295E-03
 131   172.510   0.160805E-05   0.684102E+11   0.922133E+00   0.154785E-01   0.424917E-01   0.139350E-02   0.125901E-02   0.453388E-01   0.147514E-03
 132   173.834   0.145462E-05   0.614117E+11   0.917634E+00   0.154030E-01   0.439328E-01   0.142706E-02   0.130171E-02   0.482405E-01   0.163073E-03
 133   175.140   0.131722E-05   0.551964E+11   0.912961E+00   0.153246E-01   0.453990E-01   0.146076E-02   0.134516E-02   0.512892E-01   0.180082E-03
 134   176.429   0.119406E-05   0.496698E+11   0.908104E+00   0.152430E-01   0.468895E-01   0.149459E-02   0.138932E-02   0.544897E-01   0.198658E-03
 135   177.701   0.108353E-05   0.447493E+11   0.903064E+00   0.151584E-01   0.484036E-01   0.152852E-02   0.143418E-02   0.578470E-01   0.218923E-03
 136   178.958   0.984231E-06   0.403629E+11   0.897833E+00   0.150706E-01   0.499403E-01   0.156250E-02   0.147971E-02   0.613659E-01   0.241009E-03
 137   180.199   0.894939E-06   0.364483E+11   0.892409E+00   0.149796E-01   0.514987E-01   0.159650E-02   0.152589E-02   0.650510E-01   0.265056E-03
 138   181.426   0.814562E-06   0.329505E+11   0.886788E+00   0.148852E-01   0.530776E-01   0.163050E-02   0.157267E-02   0.689071E-01   0.291210E-03
 139   182.639   0.742139E-06   0.298214E+11   0.880967E+00   0.147875E-01   0.546759E-01   0.166444E-02   0.162003E-02   0.729386E-01   0.319628E-03
 140   183.838   0.676821E-06   0.270194E+11   0.874942E+00   0.146864E-01   0.562923E-01   0.169830E-02   0.166792E-02   0.771499E-01   0.350475E-03
 141   185.024   0.617853E-06   0.245072E+11   0.868710E+00   0.145818E-01   0.579254E-01   0.173202E-02   0.171631E-02   0.815453E-01   0.383924E-03
 142   186.198   0.564571E-06   0.222526E+11   0.862270E+00   0.144737E-01   0.595737E-01   0.176557E-02   0.176515E-02   0.861287E-01   0.420158E-03
 143   187.359   0.516380E-06   0.202270E+11   0.855617E+00   0.143620E-01   0.612357E-01   0.179889E-02   0.181439E-02   0.909039E-01   0.459368E-03
 144   188.509   0.472756E-06   0.184052E+11   0.848751E+00   0.142468E-01   0.629096E-01   0.183195E-02   0.186399E-02   0.958746E-01   0.501757E-03
 145   189.647   0.433230E-06   0.167652E+11   0.841668E+00   0.141279E-01   0.645936E-01   0.186470E-02   0.191389E-02   0.101044E+00   0.547536E-03
 146   190.773   0.397385E-06   0.152873E+11   0.834370E+00   0.140054E-01   0.662860E-01   0.189709E-02   0.196403E-02   0.106415E+00   0.596924E-03
 147   191.889   0.364851E-06   0.139541E+11   0.826854E+00   0.138792E-01   0.679846E-01   0.192906E-02   0.201436E-02   0.111990E+00   0.650152E-03
 148   192.993   0.335296E-06   0.127504E+11   0.819121E+00   0.137494E-01   0.696874E-01   0.196058E-02   0.206481E-02   0.117772E+00   0.707460E-03
 149   194.087   0.308425E-06   0.116625E+11   0.811170E+00   0.136160E-01   0.713922E-01   0.199158E-02   0.211533E-02   0.123762E+00   0.769096E-03
 150   195.170   0.283973E-06   0.106783E+11   0.803003E+00   0.134789E-01   0.730967E-01   0.202202E-02   0.216583E-02   0.129963E+00   0.835321E-03
 151   196.242   0.261704E-06   0.978713E+10   0.794619E+00   0.133381E-01   0.747989E-01   0.205184E-02   0.221626E-02   0.136374E+00   0.906401E-03
 152   197.303   0.241406E-06   0.897947E+10   0.786022E+00   0.131938E-01   0.764959E-01   0.208099E-02   0.226655E-02   0.142997E+00   0.982614E-03
 153   198.354   0.222889E-06   0.824678E+10   0.777212E+00   0.130459E-01   0.781856E-01   0.210941E-02   0.231661E-02   0.149831E+00   0.106425E-02
 154   199.394   0.205983E-06   0.758152E+10   0.768194E+00   0.128946E-01   0.798653E-01   0.213707E-02   0.236638E-02   0.156877E+00   0.115159E-02
 155   200.424   0.190536E-06   0.697692E+10   0.758969E+00   0.127397E-01   0.815324E-01   0.216389E-02   0.241578E-02   0.164133E+00   0.124496E-02
 156   201.442   0.176409E-06   0.642701E+10   0.749544E+00   0.125815E-01   0.831844E-01   0.218984E-02   0.246472E-02   0.171597E+00   0.134465E-02
 157   202.450   0.163481E-06   0.592634E+10   0.739922E+00   0.124200E-01   0.848185E-01   0.221486E-02   0.251314E-02   0.179269E+00   0.145099E-02
 158   203.446   0.151639E-06   0.547014E+10   0.730107E+00   0.122553E-01   0.864321E-01   0.223891E-02   0.256095E-02   0.187145E+00   0.156430E-02
 159   204.431   0.140784E-06   0.505409E+10   0.720105E+00   0.120874E-01   0.880224E-01   0.226192E-02   0.260807E-02   0.195221E+00   0.168492E-02
 160   205.404   0.130825E-06   0.467432E+10   0.709925E+00   0.119165E-01   0.895868E-01   0.228386E-02   0.265443E-02   0.203495E+00   0.181318E-02
 161   206.365   0.121681E-06   0.432737E+10   0.699571E+00   0.117427E-01   0.911227E-01   0.230469E-02   0.269993E-02   0.211962E+00   0.194943E-02
 162   207.313   0.113279E-06   0.401015E+10   0.689052E+00   0.115661E-01   0.926272E-01   0.232434E-02   0.274451E-02   0.220617E+00   0.209402E-02
 163   208.249   0.105553E-06   0.371984E+10   0.678374E+00   0.113869E-01   0.940978E-01   0.234280E-02   0.278808E-02   0.229455E+00   0.224730E-02
 164   209.171   0.984419E-07   0.345395E+10   0.667548E+00   0.112052E-01   0.955318E-01   0.236002E-02   0.283057E-02   0.238469E+00   0.240963E-02
 165   210.080   0.918923E-07   0.321020E+10   0.656582E+00   0.110211E-01   0.969266E-01   0.237595E-02   0.287190E-02   0.247653E+00   0.258138E-02
 166   210.974   0.858550E-07   0.298658E+10   0.645486E+00   0.108348E-01   0.982799E-01   0.239058E-02   0.291200E-02   0.257000E+00   0.276290E-02
 167   211.854   0.802855E-07   0.278123E+10   0.634268E+00   0.106466E-01   0.995890E-01   0.240386E-02   0.295079E-02   0.266502E+00   0.295457E-02
 168   212.718   0.751434E-07   0.259253E+10   0.622940E+00   0.104564E-01   0.100852E+00   0.241578E-02   0.298821E-02   0.276151E+00   0.315675E-02
 169   213.566   0.703923E-07   0.241897E+10   0.611512E+00   0.102646E-01   0.102066E+00   0.242631E-02   0.302418E-02   0.285939E+00   0.336981E-02
 170   214.397   0.659990E-07   0.225920E+10   0.599995E+00   0.100713E-01   0.103230E+00   0.243542E-02   0.305866E-02   0.295857E+00   0.359413E-02
 171   215.210   0.619333E-07   0.211202E+10   0.588400E+00   0.987663E-02   0.104340E+00   0.244309E-02   0.309157E-02   0.305895E+00   0.383007E-02
 172   216.005   0.581677E-07   0.197631E+10   0.576740E+00   0.968090E-02   0.105397E+00   0.244933E-02   0.312287E-02   0.316044E+00   0.407801E-02
 173   216.780   0.546774E-07   0.185108E+10   0.565024E+00   0.948426E-02   0.106397E+00   0.245412E-02   0.315249E-02   0.326293E+00   0.433833E-02
 174   217.535   0.514397E-07   0.173543E+10   0.553267E+00   0.928689E-02   0.107338E+00   0.245744E-02   0.318040E-02   0.336633E+00   0.461139E-02
 175   218.268   0.484340E-07   0.162853E+10   0.541476E+00   0.908899E-02   0.108221E+00   0.245930E-02   0.320655E-02   0.347052E+00   0.489757E-02
 176   218.979   0.456414E-07   0.152965E+10   0.529668E+00   0.889078E-02   0.109043E+00   0.245969E-02   0.323089E-02   0.357540E+00   0.519723E-02
 177   219.665   0.430447E-07   0.143812E+10   0.517852E+00   0.869244E-02   0.109802E+00   0.245862E-02   0.325341E-02   0.368087E+00   0.551075E-02
 178   220.327   0.406283E-07   0.135331E+10   0.506040E+00   0.849416E-02   0.110499E+00   0.245611E-02   0.327405E-02   0.378681E+00   0.583851E-02
 179   220.962   0.383778E-07   0.127468E+10   0.494244E+00   0.829617E-02   0.111132E+00   0.245215E-02   0.329281E-02   0.389311E+00   0.618088E-02
 180   221.569   0.362803E-07   0.120171E+10   0.482475E+00   0.809862E-02   0.111701E+00   0.244677E-02   0.330965E-02   0.399968E+00   0.653822E-02
 181   222.147   0.343237E-07   0.113394E+10   0.470745E+00   0.790172E-02   0.112204E+00   0.243997E-02   0.332457E-02   0.410638E+00   0.691093E-02
 182   222.693   0.324971E-07   0.107097E+10   0.459065E+00   0.770567E-02   0.112642E+00   0.243179E-02   0.333754E-02   0.421312E+00   0.729937E-02
 183   223.206   0.307906E-07   0.101239E+10   0.447444E+00   0.751060E-02   0.113014E+00   0.242224E-02   0.334857E-02   0.431980E+00   0.770393E-02
 184   223.685   0.291949E-07   0.957872E+09   0.435894E+00   0.731673E-02   0.113321E+00   0.241134E-02   0.335765E-02   0.442629E+00   0.812500E-02
 185   224.126   0.277017E-07   0.907091E+09   0.424425E+00   0.712422E-02   0.113562E+00   0.239914E-02   0.336479E-02   0.453251E+00   0.856297E-02
 186   224.529   0.263032E-07   0.859751E+09   0.413046E+00   0.693321E-02   0.113737E+00   0.238565E-02   0.336998E-02   0.463835E+00   0.901825E-02
 187   224.882   0.249923E-07   0.815622E+09   0.401766E+00   0.674386E-02   0.113847E+00   0.237092E-02   0.337325E-02   0.474372E+00   0.949126E-02
 188   225.187   0.237626E-07   0.774439E+09   0.390592E+00   0.655631E-02   0.113893E+00   0.235496E-02   0.337460E-02   0.484852E+00   0.998245E-02
 189   225.447   0.226080E-07   0.735961E+09   0.379534E+00   0.637069E-02   0.113874E+00   0.233783E-02   0.337404E-02   0.495266E+00   0.104922E-01
 190   225.678   0.215233E-07   0.699932E+09   0.368599E+00   0.618715E-02   0.113792E+00   0.231955E-02   0.337160E-02   0.505606E+00   0.110210E-01
 191   225.885   0.205034E-07   0.666154E+09   0.357798E+00   0.600584E-02   0.113647E+00   0.230017E-02   0.336731E-02   0.515860E+00   0.115693E-01
 192   226.071   0.205034E-07   0.665606E+09   0.357798E+00   0.600584E-02   0.113647E+00   0.230017E-02   0.336731E-02   0.515860E+00   0.115693E-01
 193   226.242   0.195445E-07   0.633998E+09   0.347146E+00   0.582705E-02   0.113440E+00   0.227974E-02   0.336119E-02   0.526011E+00   0.121369E-01
 194   226.412   0.186417E-07   0.604259E+09   0.336642E+00   0.565072E-02   0.113173E+00   0.225831E-02   0.335328E-02   0.536059E+00   0.127246E-01
 195   226.585   0.177912E-07   0.576252E+09   0.326295E+00   0.547704E-02   0.112847E+00   0.223590E-02   0.334362E-02   0.545994E+00   0.133329E-01
 196   226.759   0.169896E-07   0.549864E+09   0.316111E+00   0.530609E-02   0.112463E+00   0.221258E-02   0.333223E-02   0.555805E+00   0.139620E-01
 197   226.926   0.162335E-07   0.525006E+09   0.306099E+00   0.513804E-02   0.112022E+00   0.218840E-02   0.331917E-02   0.565485E+00   0.146123E-01
 198   227.086   0.155199E-07   0.501573E+09   0.296264E+00   0.497295E-02   0.111526E+00   0.216339E-02   0.330449E-02   0.575026E+00   0.152842E-01
 199   227.239   0.148460E-07   0.479471E+09   0.286611E+00   0.481093E-02   0.110977E+00   0.213763E-02   0.328822E-02   0.584420E+00   0.159780E-01
 200   227.385   0.142091E-07   0.458609E+09   0.277146E+00   0.465205E-02   0.110376E+00   0.211114E-02   0.327041E-02   0.593660E+00   0.166941E-01
 201   227.526   0.136070E-07   0.438903E+09   0.267873E+00   0.449639E-02   0.109726E+00   0.208400E-02   0.325114E-02   0.602740E+00   0.174328E-01
 202   227.661   0.130373E-07   0.420278E+09   0.258795E+00   0.434402E-02   0.109027E+00   0.205624E-02   0.323044E-02   0.611653E+00   0.181946E-01
 203   227.791   0.124980E-07   0.402663E+09   0.249916E+00   0.419498E-02   0.108283E+00   0.202792E-02   0.320838E-02   0.620394E+00   0.189797E-01
 204   227.917   0.119871E-07   0.385990E+09   0.241239E+00   0.404933E-02   0.107494E+00   0.199910E-02   0.318501E-02   0.628957E+00   0.197886E-01
 205   228.038   0.115029E-07   0.370201E+09   0.232766E+00   0.390712E-02   0.106663E+00   0.196981E-02   0.316039E-02   0.637338E+00   0.206216E-01
 206   228.154   0.110437E-07   0.355241E+09   0.224499E+00   0.376834E-02   0.105792E+00   0.194012E-02   0.313459E-02   0.645534E+00   0.214791E-01
 207   228.267   0.106079E-07   0.341054E+09   0.216438E+00   0.363304E-02   0.104883E+00   0.191007E-02   0.310766E-02   0.653538E+00   0.223615E-01
 208   228.376   0.101941E-07   0.327593E+09   0.208586E+00   0.350123E-02   0.103939E+00   0.187970E-02   0.307967E-02   0.661350E+00   0.232692E-01
 209   228.482   0.980096E-08   0.314814E+09   0.200941E+00   0.337290E-02   0.102960E+00   0.184907E-02   0.305067E-02   0.668965E+00   0.242026E-01
 210   228.584   0.942724E-08   0.302674E+09   0.193504E+00   0.324807E-02   0.101950E+00   0.181822E-02   0.302073E-02   0.676381E+00   0.251620E-01
 211   228.683   0.907177E-08   0.291135E+09   0.186274E+00   0.312671E-02   0.100910E+00   0.178720E-02   0.298992E-02   0.683597E+00   0.261480E-01
 212   228.779   0.873348E-08   0.280161E+09   0.179250E+00   0.300882E-02   0.998417E-01   0.175604E-02   0.295827E-02   0.690611E+00   0.271609E-01
 213   228.872   0.841135E-08   0.269718E+09   0.172431E+00   0.289435E-02   0.987480E-01   0.172478E-02   0.292587E-02   0.697421E+00   0.282010E-01
 214   228.963   0.810444E-08   0.259773E+09   0.165815E+00   0.278330E-02   0.976304E-01   0.169348E-02   0.289275E-02   0.704027E+00   0.292690E-01
 215   229.050   0.781186E-08   0.250300E+09   0.159400E+00   0.267563E-02   0.964912E-01   0.166216E-02   0.285900E-02   0.710429E+00   0.303652E-01
 216   229.136   0.753281E-08   0.241268E+09   0.153184E+00   0.257129E-02   0.953322E-01   0.163086E-02   0.282466E-02   0.716625E+00   0.314901E-01
 217   229.218   0.726651E-08   0.232656E+09   0.147165E+00   0.247025E-02   0.941550E-01   0.159962E-02   0.278978E-02   0.722616E+00   0.326441E-01
 218   229.299   0.701225E-08   0.224436E+09   0.141338E+00   0.237244E-02   0.929618E-01   0.156847E-02   0.275442E-02   0.728403E+00   0.338278E-01
 219   229.376   0.676936E-08   0.216589E+09   0.135702E+00   0.227784E-02   0.917541E-01   0.153745E-02   0.271864E-02   0.733986E+00   0.350415E-01
 220   229.452   0.653721E-08   0.209092E+09   0.130254E+00   0.218638E-02   0.905336E-01   0.150657E-02   0.268248E-02   0.739366E+00   0.362859E-01
 221   229.525   0.631522E-08   0.201927E+09   0.124988E+00   0.209799E-02   0.893021E-01   0.147587E-02   0.264599E-02   0.744545E+00   0.375614E-01
 222   229.595   0.610284E-08   0.195077E+09   0.119902E+00   0.201263E-02   0.880610E-01   0.144537E-02   0.260922E-02   0.749523E+00   0.388686E-01
 223   229.663   0.589956E-08   0.188523E+09   0.114993E+00   0.193023E-02   0.868120E-01   0.141510E-02   0.257221E-02   0.754303E+00   0.402079E-01
 224   229.729   0.570488E-08   0.182250E+09   0.110257E+00   0.185072E-02   0.855567E-01   0.138508E-02   0.253501E-02   0.758885E+00   0.415800E-01
 225   229.792   0.551837E-08   0.176243E+09   0.105689E+00   0.177404E-02   0.842964E-01   0.135534E-02   0.249767E-02   0.763272E+00   0.429853E-01
 226   229.853   0.533960E-08   0.170489E+09   0.101284E+00   0.170012E-02   0.830322E-01   0.132588E-02   0.246021E-02   0.767466E+00   0.444244E-01
 227   229.911   0.516817E-08   0.164973E+09   0.970407E-01   0.162888E-02   0.817655E-01   0.129673E-02   0.242268E-02   0.771469E+00   0.458980E-01
 228   229.966   0.500371E-08   0.159685E+09   0.929532E-01   0.156027E-02   0.804978E-01   0.126791E-02   0.238512E-02   0.775283E+00   0.474066E-01
 229   230.019   0.484586E-08   0.154612E+09   0.890177E-01   0.149421E-02   0.792302E-01   0.123943E-02   0.234756E-02   0.778910E+00   0.489508E-01
 230   230.068   0.469429E-08   0.149744E+09   0.852302E-01   0.143064E-02   0.779636E-01   0.121130E-02   0.231003E-02   0.782352E+00   0.505313E-01
 231   230.115   0.454870E-08   0.145071E+09   0.815861E-01   0.136947E-02   0.766992E-01   0.118354E-02   0.227257E-02   0.785613E+00   0.521486E-01
 232   230.158   0.440880E-08   0.140583E+09   0.780817E-01   0.131065E-02   0.754380E-01   0.115615E-02   0.223520E-02   0.788694E+00   0.538034E-01
 233   230.198   0.427431E-08   0.136270E+09   0.747123E-01   0.125409E-02   0.741810E-01   0.112915E-02   0.219796E-02   0.791598E+00   0.554964E-01
 234   230.234   0.414496E-08   0.132126E+09   0.714743E-01   0.119974E-02   0.729290E-01   0.110254E-02   0.216086E-02   0.794328E+00   0.572282E-01
 235   230.266   0.402052E-08   0.128141E+09   0.683632E-01   0.114751E-02   0.716828E-01   0.107634E-02   0.212393E-02   0.796885E+00   0.589995E-01
 236   230.294   0.390076E-08   0.124309E+09   0.653750E-01   0.109736E-02   0.704431E-01   0.105055E-02   0.208720E-02   0.799274E+00   0.608109E-01
 237   230.318   0.378545E-08   0.120622E+09   0.625059E-01   0.104920E-02   0.692108E-01   0.102516E-02   0.205069E-02   0.801495E+00   0.626633E-01
 238   230.337   0.367439E-08   0.117074E+09   0.597517E-01   0.100297E-02   0.679864E-01   0.100020E-02   0.201441E-02   0.803551E+00   0.645573E-01
 239   230.351   0.356740E-08   0.113658E+09   0.571087E-01   0.958603E-03   0.667707E-01   0.975661E-03   0.197839E-02   0.805445E+00   0.664935E-01
 240   230.360   0.346428E-08   0.110368E+09   0.545731E-01   0.916041E-03   0.655642E-01   0.951544E-03   0.194264E-02   0.807180E+00   0.684728E-01
 241   230.363   0.336486E-08   0.107199E+09   0.521412E-01   0.875219E-03   0.643674E-01   0.927854E-03   0.190718E-02   0.808757E+00   0.704959E-01
 242   230.360   0.326898E-08   0.104146E+09   0.498091E-01   0.836073E-03   0.631808E-01   0.904588E-03   0.187203E-02   0.810179E+00   0.725636E-01
 243   230.351   0.317648E-08   0.101203E+09   0.475734E-01   0.798546E-03   0.620049E-01   0.881751E-03   0.183718E-02   0.811449E+00   0.746766E-01
 244   230.334   0.308722E-08   0.983663E+08   0.454305E-01   0.762577E-03   0.608400E-01   0.859339E-03   0.180267E-02   0.812568E+00   0.768357E-01
 245   230.310   0.300106E-08   0.956309E+08   0.433771E-01   0.728109E-03   0.596866E-01   0.837353E-03   0.176849E-02   0.813538E+00   0.790417E-01
 246   230.278   0.291786E-08   0.929927E+08   0.414098E-01   0.695088E-03   0.585450E-01   0.815790E-03   0.173467E-02   0.814363E+00   0.812955E-01
 247   230.237   0.283750E-08   0.904478E+08   0.395253E-01   0.663455E-03   0.574154E-01   0.794649E-03   0.170120E-02   0.815043E+00   0.835977E-01
 248   230.187   0.275987E-08   0.879922E+08   0.377208E-01   0.633164E-03   0.562981E-01   0.773929E-03   0.166809E-02   0.815582E+00   0.859494E-01
 249   230.147   0.268485E-08   0.856152E+08   0.359928E-01   0.604160E-03   0.551935E-01   0.753625E-03   0.163536E-02   0.815980E+00   0.883510E-01
 250   230.077   0.261232E-08   0.833279E+08   0.343388E-01   0.576397E-03   0.541017E-01   0.733735E-03   0.160301E-02   0.816239E+00   0.908037E-01
 300   230.077   0.620780E-10   0.157875E+08   0.192668E-02   0.323404E-04   0.178000E-01   0.170000E-03   0.526000E-03   0.753000E+00   0.244000E+00
